-0.403838247419
0.411520406168
-0.017500453656
0.251008919658
0.338547569357
-0.231523906791
-0.0968685216011
-0.135234027772
-0.203519313941
0.116577191523
0.198416283587
-0.225823907818
0.362180059125
-0.422599944826
0.451178274455
0.42818846236
-0.168256205428
0.0558595698429
0.268640774788
0.0761988650683
0.374895028695
0.190271414329
-0.236197821195
-0.30538626027
-0.0468259150263
-0.233356071469
-0.061131660415
0.395282919946
-0.443886533284
0.0144276562562
0.136157885884
0.221383950124
-0.105176814743
0.319529994923
-0.363817085617
0.256305597737
-0.17945629811
0.0803688748085
-0.0943653425221
-0.261642557326
-0.294602693647
0.183204744599
-0.277291133876
0.0855021837202
-0.458055597151
0.166680768358
-0.205419720631
-0.359075461672
0.448317665265
-0.39570327154
0.129590312456
-0.0675596083604
-0.197008076607
0.051655386544
0.274195065946
-0.0244993005442
-0.314220653304
0.211399668753
0.159697364757
0.42049411651
-0.118419116553
0.181261052611
0.168865782976
-0.136005141011
-0.0382716117617
-0.342010058333
0.411636189274
-0.0558562736735
0.355212585018
-0.00030212697037
0.413917170184
0.0170800555461
0.192817430785
0.266325494179
0.0656042965995
0.0828091824082
0.304073312994
0.406317567304
0.357713362374
0.467252385666
0.0828515208572
-0.368440941112
0.485269194814
0.396099138909
0.33676771339
0.30098950294
-0.175213344203
0.281900755618
-0.0310997628416
0.49934249731
-0.347271553466
0.0104251060539
-0.0907250637725
-0.475408293616
0.118518584988
-0.276632224026
0.342327189436
-0.0724426574278
0.486566823806
0.322943694673
0.0467689408238
0.222382595808
0.0565978390404
0.0361589664216
0.0689713499429
-0.423058204348
0.33530244393
-0.490550168577
0.243653860032
-0.0721265960519
-0.405439916392
0.343579655153
0.089947320746
0.0518210158899
0.0651502791642
0.450695093956
-0.191537639671
0.42198361884
-0.436498633221
0.361353103214
0.248887993175
-0.229063282357
0.493071053908
0.359415720438
-0.225170201761
-0.0659060685223
-0.160669496308
0.243442496019
0.276851732866
0.174524399681
-0.267128825674
0.395886752396
0.133204987603
0.155208243514
-0.34101648504
-0.330537597773
0.378356418234
0.48617081231
0.0380526962311
-0.283534225374
0.0825288634935
0.460947311761
0.0565049037995
0.463342248362
0.224027344033
0.427462334569
-0.294975912932
0.497140607501
0.123919243769
-0.321225940082
-0.485055582877
-0.492751806108
-0.449743338491
0.133020140443
-0.390205570104
0.132978615179
-0.0350830897989
-0.293924619193
0.155351279151
-0.29663302137
-0.0578902373185
-0.214682368315
0.171483065822
-0.307848758014
0.353393607573
-0.358193778893
-0.370054630781
-0.133339250501
-0.260644697837
-0.26792028611
-0.195680376667
-0.432678445979
0.0984456805271
0.196347583917
-0.193786911506
-0.321424550504
0.363959091614
-0.295118661252
0.249732084392
-0.448372845907
-0.159465662767
-0.0680808824403
0.0818420253469
-0.281553013371
0.0844648054004
0.38001659759
0.115727797151
0.354986849573
-0.29978475541
0.185451166634
-0.0489897921191
-0.127199187226
-0.0518372198282
-0.21772314784
0.220636101729
-0.12391065154
-0.244971260634
-0.171003197675
0.27001377862
0.242375639196
0.147441471447
-0.476215409006
0.240422056036
0.138233027852
0.0355729610199
0.174925837979
0.029618025126
0.233607712687
-0.064337438749
0.120992932649
0.100017668721
-0.0521614101153
0.367225887952
-0.191485098532
-0.226981312373
-0.248220157528
0.0865301938327
0.421974199306
-0.422302844813
-0.443212250771
0.167944468656
0.433257709758
0.432898830301
0.175959603494
0.4539652709
0.48689112183
-0.255572713529
0.325126980094
0.46725718218
-0.0806702995873
-0.142344056711
-0.182039993456
0.126705327255
-0.110613647028
-0.250940685452
-0.226938866594
-0.10801214415
-0.210001478258
-0.492718746296
0.242957945632
-0.0626892362999
-0.167833233452
0.031222352553
0.422909694567
0.0925434539421
-0.14274744931
-0.234207138434
0.0108887011706
0.203897722936
-0.453858821848
-0.283143853948
-0.451176666393
0.0383387497906
0.288710161877
-0.0957187074178
-0.295249371302
0.263057189631
0.202621834857
-0.219007331043
0.378240518204
0.271604807349
-0.429245571882
-0.354469291294
-0.209769000077
0.301372666021
-0.195602574005
0.430223735407
0.178338997033
-0.0181131831206
-0.374710050213
0.0171589309776
-0.46961363539
0.283408144125
-0.267347748121
0.212840820248
0.377350463134
-0.254570504991
-0.273620880995
0.187870878067
0.288789704578
0.15510969111
0.193567501099
-0.42400357178
-0.454125482694
0.028265825586
-0.493180562526
-0.220066127135
-0.384213969446
0.404576230532
0.00724575167244
-0.197790451404
-0.336225710187
0.348497113556
0.398608437569
-0.393023362927
-0.379619631433
-0.202816448055
-0.022416912968
-0.23425613942
-0.332253558097
0.497853916605
-0.25494525731
0.363875551308
-0.380257915754
-0.400839198573
-0.128122241765
0.0314423779021
0.0550619449355
-0.220296225229
0.368466847548
0.308322060015
-0.0642464046892
0.286177613476
-0.397730794618
0.263525349288
-0.322458199035
0.446516256004
0.171863058695
0.398800888078
0.0294739720238
-0.00950316094191
0.407945634656
0.32019930602
0.0216411189966
0.21148771778
0.0737658403074
-0.488610673882
-0.163237733945
-0.108069477404
0.343734332913
-0.328008474935
0.105776555985
0.415945055154
-0.015135754543
-0.109461409668
0.0399851329764
0.490574643457
-0.291253877388
0.116318763419
-0.208932397888
0.0135326963216
-0.0408045617719
-0.12620529318
0.101696181772
-0.329398286256
-0.0936355709455
-0.293371614034
0.459128893346
0.451674480729
0.232082417458
0.0906395917488
-0.186327174152
-0.254930962317
-0.313072839662
-0.0281154374374
0.39793225149
0.0485444662417
-0.455916186078
-0.470486726189
0.273777126544
0.180619156195
-0.0886071126761
0.053035158097
0.316594168314
0.268154402847
0.231078657181
-0.487033364369
0.00739539396772
0.123569877949
0.0880565441259
0.354378100483
0.126864279097
0.208679488953
0.162200891607
0.283321924864
0.0966959120991
-0.317648130302
0.230655056489
-0.328483026301
-0.439772119493
0.356335479124
-0.402740629171
-0.222965435707
-0.490265988916
0.336458937054
0.0487149959858
0.10673336113
0.153732846596
-0.11443518702
0.0491106103272
-0.13877719358
0.374432315783
-0.414578607803
0.359028319327
0.0372325553523
0.0563095270743
-0.422588739466
0.138384830408
0.11955204325
0.0159600022585
0.191707979929
-0.240769863168
-0.00145616268961
0.433996478915
0.413384202486
0.0241021479191
0.0641873062379
0.259646223463
0.20929860177
-0.267822185334
-0.440294821312
-0.407463441181
0.028645843577
-0.165858280977
-0.171662151842
-0.0432050807962
0.0118321853303
0.462234226475
-0.132120799569
-0.0617218533214
-0.079232500634
0.215932939839
0.373917095476
0.375218202034
-0.0207625690982
0.250822566833
-0.258622880438
0.314200755704
-0.283888516884
0.447380640555
0.208768222564
-0.150408506261
0.0848237771433
0.239495585321
-0.206006232814
0.172797463793
-0.474626303237
-0.347445195912
-0.461133299265
-0.153155876664
0.0918511091363
0.0129918194529
0.280108085303
-0.439840495298
-0.00851675275688
-0.484939459149
0.356355831719
-0.49086186087
-0.249146580172
-0.154553136659
0.139364523382
0.244201605363
-0.381041403366
-0.156853819659
-0.0377437849622
0.464771243787
-0.135581839144
0.374435531362
0.217622636671
-0.00947445794225
-0.0692083870268
0.298554974215
-0.0527408491476
-0.175311528259
-0.140971299896
0.320713791497
-0.481517217
0.370988210731
0.0649835019721
-0.475319020259
0.00377830929562
-0.39899422278
0.231299049304
-0.234413958271
-0.412542827754
0.456210192568
-0.193919288975
0.48054830919
0.282023350627
0.361318276833
-0.46621900219
-0.206099656587
0.0780824907324
-0.0258989415565
-0.168263959541
0.231578679319
-0.320625891509
-0.235622820784
0.0370929147226
0.234398371224
0.385894199433
-0.408630852325
0.0115459107696
0.218003906453
-0.0696506495007
0.357005584778
0.454954014329
0.0199284267055
-0.302321510856
0.249985251084
0.283795175419
0.0913189649314
-0.48222578986
0.282801608515
-0.321044469528
0.480063478585
-0.352142709094
-0.170811700072
-0.0983495767802
0.399153942152
-0.318944129212
-0.415673469727
-0.0798507024299
-0.198712177686
0.463249256408
0.421729188578
-0.164571630088
-0.473225041346
-0.29860636367
0.394749516558
0.17863286785
0.161131822901
-0.110095985502
0.446395317835
0.484388430633
0.413764419355
-0.252200463541
0.00367103173445
0.154977782841
-0.27886663847
0.17247718212
-0.022688267298
0.301138050419
-0.37779319061
-0.496448103179
0.124682136912
-0.323949835042
-0.0458434014303
-0.178572013595
-0.373160653492
0.135665239979
0.00475294372677
-0.0121107482637
-0.150761835217
0.316204633615
-0.20909277754
0.336365975231
0.2952715346
-0.319105042487
0.0217506219148
0.34440549017
-0.0727398653297
0.477585148432
0.190515253483
0.422987721499
0.257751624523
0.00346580270245
-0.440669851579
0.299637225965
-0.29418793233
-0.424420455571
0.154125043837
-0.458036621455
-0.467289849294
-0.465984009173
0.244542207209
0.274577211856
0.0905773493553
0.35138716061
-0.0975578571918
0.199725124828
-0.117564799274
-0.0337185359166
-0.163857665109
0.0224642851567
-0.201377072107
0.0337222425465
0.165948732062
0.0944606688359
0.0926132262427
0.0789885845164
-0.186492098803
-0.187519228974
-0.458342159339
-0.440554553513
0.330840058896
-0.115837831211
-0.143218524962
0.0589349102774
0.00462279861794
-0.256817667863
0.174896500267
-0.237528221947
-0.460268428651
-0.439845436277
0.423674395494
0.208236841904
0.448141287048
-0.467238675451
0.0491681947236
-0.215200811389
0.171758464001
-0.0858260700254
0.363922172118
0.158566530298
-0.446250661698
0.185965867772
0.412316229618
-0.303636627855
0.122735707798
0.453682642548
-0.188989224446
-0.307248508552
0.136059524779
-0.32215534957
0.218702026944
-0.258376971586
-0.0245122951952
0.0322981497665
-0.261632297888
0.407661948448
0.258081481842
-0.337657994906
0.474190991057
0.00612990703243
0.42734783238
0.164278044163
-0.434650798683
0.306746987604
0.295891984423
-0.220210115009
-0.237194903075
0.470658231299
0.245671899715
0.205398033782
0.020457847922
-0.280940707522
-0.355823153549
-0.36945315539
-0.195069742557
-0.0766992062834
0.134905140701
0.0563479594321
0.0162535902685
-0.454716659362
-0.484581063914
0.168748631904
-0.144020588404
0.114712800995
0.294135786932
0.0296408392865
0.0892625904255
0.202934658266
0.223061851237
0.353027501225
0.494933845892
0.0777994863038
-0.272208224037
-0.378162017993
0.379822415671
0.0139362634318
0.47780425943
-0.470775901829
-0.171675358684
-0.22960055135
-0.43655795664
0.486414154877
-0.353422476625
-0.0556008459667
0.406778001276
-0.0624784865163
0.373605181976
0.196584827914
-0.41511183748
-0.16550077917
0.408912417351
-0.181690834704
-0.375207893076
0.421172470787
-0.468947159242
0.367161559052
0.00691572080548
0.0879596262282
0.277973005664
0.241868466018
0.368411856425
0.181443562795
0.083165545329
0.401588795923
-0.494607591863
-0.200220912632
-0.488440559036
-0.400132376637
-0.00947780749518
-0.405351597656
-0.436722076299
-0.0886874276423
0.214737469694
-0.403036115644
0.434998021633
0.243649454014
0.128519357805
-0.300030186024
-0.439572141413
0.104484611161
-0.0794770964682
0.256166630698
-0.432134964222
0.353279218345
0.407931726995
0.113088855798
-0.202918661858
0.00111126865052
-0.132503695618
-0.243977353793
0.453948152887
-0.0150025042093
0.431578660692
-0.153799701148
-0.493818002308
0.166612371208
0.202150634426
0.0760028420766
0.202431211657
-0.00452160010326
-0.134711965897
-0.0525278656859
-0.213247271309
-0.133386921623
-0.0941531521281
-0.0586155149542
0.36328699171
-0.0360524566948
0.0886921419739
-0.425723610804
0.296997557693
-0.38966231045
-0.0419611408356
-0.194472670512
0.239891143488
-0.404809757882
0.45407462496
0.114040971272
-0.304180482822
-0.292511573387
0.368698468464
0.471445151226
-0.101505111509
0.00957986803768
0.493290378223
0.00324204445652
-0.0671808841122
-0.0807008837007
0.412985653022
-0.436481232384
0.404154186808
-0.419661320379
0.476069626501
0.44219216921
0.415168991918
0.133834755045
0.232216081197
0.297664388501
0.144280596231
0.447224371249
-0.208498913744
-0.296647067619
-0.239617323803
-0.498923018238
-0.397108899649
0.0331060927385
-0.0203715387375
-0.219888647442
-0.100659093538
-0.0295163769415
0.266379015933
0.0522248811184
-0.35910323826
0.313144055995
0.249307743547
-0.394520663755
-0.0288463058762
-0.0604918341099
-0.0597820829664
0.290811312209
0.411676290396
-0.22312243841
0.433304265148
0.194491858259
-0.0478574420713
-0.48819892102
0.258098057534
0.167644485598
-0.0870529318603
0.118194215631
-0.304011308368
-0.3889753306
0.18244358679
-0.124614606038
0.0465587535098
-0.371719845668
-0.354030130032
0.231731412786
-0.482495208859
0.106626496251
0.162786789418
0.269558995121
0.300038310213
0.264984214579
0.218422495099
-0.152201714713
-0.0141551550317
0.0294010084778
-0.257512139611
-0.456578296629
0.00429421429578
0.48866947961
-0.0778332214359
-0.153459171892
-0.444165658816
0.299543760532
-0.412777679317
0.254221690059
-0.371256452838
-0.0513895689236
-0.312273827529
-0.31218509566
0.13564182154
0.437205583181
-0.147886437785
0.351423861983
-0.239989083555
0.145271095432
-0.291488683877
0.436453309146
-0.411515412427
-0.0663095819553
-0.299193326983
-0.0520966614814
-0.49874730492
0.0946836034704
0.290247918038
-0.162687372733
0.0338744737943
0.283325583816
0.497900608431
-0.0516072256103
-0.049031886206
-0.2036938356
0.298274028468
0.420543451387
-0.392160743295
0.112211696737
0.164192020221
0.27030171111
0.0364969739599
-0.215148013839
-0.170978077036
-0.363561607675
-0.299855336471
-0.102750159961
-0.253764822595
0.450830935406
0.108985951647
0.212895400101
-0.403379751658
-0.337935676551
-0.0797408339776
0.174123275223
0.43423545309
-0.396168395457
-0.129782983699
-0.0523744481784
0.126429579419
-0.204031270247
0.257055976192
-0.363401410961
0.182051954238
-0.0458617754116
-0.499686220834
-0.363393579139
-0.0262076999332
0.318705345616
0.38195164915
0.397640629948
-0.354016935653
-0.133559602155
0.168688924268
-0.498008805575
-0.157585232055
0.284328938332
-0.485212535564
-0.0924880095311
-0.483586425421
-0.0703381207925
-0.194825721947
0.186391207973
0.229072346695
0.185826423107
-0.223402323749
-0.234332019328
0.0195278630753
0.462210645218
-0.128632637466
0.417003427488
-0.0127308522891
0.323649964493
-0.00701194608941
0.0385297653444
0.171828839694
-0.433939453434
-0.225964292049
0.409032282073
-0.143596006357
0.436562321793
0.402859938697
0.109554377979
0.397081057826
0.303794769099
0.0423097061735
-0.23198731203
0.299102404097
-0.050149097413
-0.33662339679
0.0999517231328
-0.385955483055
-0.0744287758596
0.146121357548
-0.226347476651
-0.348745504758
0.491667966453
-0.135766986059
0.389436929666
-0.0434835199047
0.0482456901774
0.427234252218
-0.16849508476
-0.0894340039184
-0.159655703209
0.310649411537
-0.108097451687
-0.231582371849
0.469845131107
0.0826641816148
-0.390028735357
-0.170990784271
0.114812470359
0.039428759474
-0.463615217133
-0.42298373623
0.338739142979
0.350286502805
-0.203938957805
0.320176354417
0.25517797716
-0.480109946508
0.200007224675
-0.35880887726
-0.482475260233
-0.149379285458
0.465431693907
0.322966949007
0.280633359734
0.133507368212
-0.162774666336
-0.252589100409
0.0430630331331
0.138934045148
-0.299105249868
-0.110078926492
0.137662328417
0.273177697702
0.460996689702
0.365023060568
-0.0138590476913
0.428476926751
-0.365529254299
-0.30118894401
-0.277065250904
0.139255624954
0.428106571631
0.306090308838
0.331042703717
0.0742902463333
0.0129850779789
0.49864065614
-0.323590962094
-0.152428977092
-0.392905095779
-0.484223427166
-0.428607417465
0.433151413696
0.414989724467
-0.317988506567
0.31007939371
0.114753354832
0.494198970468
-0.0550168704225
-0.252759585143
-0.406005183401
0.345581353613
-0.488807985766
0.0779758342353
-0.193868832698
0.381321809381
-0.388874533271
0.0556121709165
0.0323581497086
-0.432911791985
0.298118943432
-0.372011870617
-0.45249680783
-0.336202801385
-0.481220724546
0.286746751393
-0.0590461565473
0.324194430505
0.398607225234
0.268554163092
0.0892779041407
0.0194054676954
-0.0252132406479
0.0457591345682
-0.024491217946
-0.306142831572
-0.49899739264
-0.138188292678
-0.181017042587
-0.369809991942
-0.476052805214
0.496178786774
-0.485744474206
-0.183925479805
-0.0580006657183
0.498586504418
0.178754634117
0.104397612827
-0.268003449906
0.0565082516399
0.00449829400561
-0.181863926356
0.288037597842
0.479809766858
0.162153349768
0.447250185211
0.485111325788
-0.372044846625
-0.0728828463673
-0.0677595739168
-0.0384348073646
-0.273268937623
-0.097077058692
0.13357627448
0.456760128128
0.330445086293
0.269789989555
-0.176086462415
0.222921967296
-0.0205339966379
0.124142724583
-0.362003146313
-0.486319171144
-0.358256069534
0.0571879307402
-0.261904045903
0.0458778275138
0.42402376632
0.332940351424
-0.118686597599
-0.278132190819
0.19902473388
-0.209234679635
0.178145826481
-0.445074889586
0.295210885404
-0.231228669133
-0.0113667820748
0.132513548792
0.223845512779
-0.0137603229232
0.389082146206
-0.37598232282
-0.280057253025
0.390815483077
-0.168123594626
-0.0953275917852
-0.0808827932008
0.133237272151
-0.286852904492
-0.0866426422734
-0.271810526154
0.160133020348
0.0641051230076
0.230862134965
-0.393104597262
-0.214645523359
-0.199086842665
-0.113180740245
0.363631971528
-0.214624677467
-0.247388956381
0.111027181392
8.59225741972e-05
-0.319715928533
0.455713815728
0.207161231597
0.383481078972
0.00134564446339
0.251696476013
-0.173812360731
0.351353280755
0.35924811547
-0.305934484147
0.0177888501183
-0.199676853005
-0.274543479357
-0.338170806905
0.185871968815
-0.114655311332
0.390059873343
-0.417603596065
-0.201029511103
0.188768280178
0.292804538407
0.363358160079
-0.345119229061
0.460465114532
-0.361524605276
0.487614045047
-0.116945223247
-0.0490869297172
0.133462744927
0.0654087663254
0.456101891192
-0.014305702384
0.360949734166
-0.492517869054
-0.479989627156
0.198536064001
0.365987903185
0.40288575001
-0.238225955549
-0.0920944987955
0.380076190236
-0.21672657755
0.194950344837
0.429781236052
-0.0560676037008
-0.251292352383
0.362399017576
0.369565855891
0.434189428196
0.00184195374729
-0.122582934576
0.191256180029
-0.236255448168
-0.396275016025
-0.262856466075
-0.169874965489
-0.0472988045934
-0.420330459274
-0.430039247936
0.06110382547
-0.484653834093
0.129588277348
0.46030344236
-0.105575673301
-0.204477798655
0.314916458748
0.353145988609
0.286930274125
-0.233814136106
0.358007268544
-0.316367757789
0.0168493625315
0.472883511892
0.0689825146698
-0.145204812744
-0.142367577
0.483896104675
0.481041350137
-0.307335701892
-0.2007431792
0.207965828712
0.14193071627
0.0578375483083
-0.0815365507191
-0.499280237176
0.0117096423241
-0.155737152718
0.248375806333
-0.0406982232321
-0.176410058742
0.159094475527
-0.359217264981
0.0687363929894
0.346839663984
-0.453461056335
0.342976909199
0.308573392166
-0.2350024283
-0.125581891318
0.202222116927
0.281608300256
0.0763685760705
0.303689291368
-0.194932365175
0.295685661158
0.240182672173
-0.0742636507598
0.256858039528
-0.241275080105
-0.284722352376
-0.266281745876
-0.498627105011
0.135152925776
0.312258792771
0.352903727035
0.423612644691
0.391002889398
-0.236861396369
-0.363377419845
-0.286752892593
-0.225813704301
-0.00171080325142
-0.388715619815
0.46437443107
-0.137033728379
-0.134715259141
0.442584627652
-0.187824288873
0.183386304547
0.169196376376
-0.208822309335
0.140617700806
-0.347405091402
-0.385202422683
0.317217892972
-0.13781658582
-0.208021882681
0.371206988846
-0.0239109720952
0.393880501155
-0.255376242384
0.270239846526
0.336475346593
0.280403267111
0.205450447928
0.13286461298
0.284684153356
-0.273474053202
-0.11949640181
0.267325202303
0.441563855862
0.0259241475715
0.365071462107
-0.478086288057
0.167921317095
-0.385869823638
-0.0378143499308
-0.141991587172
0.012777348391
-0.142496262618
0.200535127928
0.491483639436
-0.438566462296
0.177036396981
-0.40368453028
-0.412075063527
0.390962106038
0.240965843466
-0.183239114563
-0.412099265199
-0.464984579809
0.390144810781
0.172803208783
0.13655426647
0.270391715624
0.468818155714
-0.318689925881
0.191784403186
0.028635363558
0.0744541843354
-0.333031581446
0.289671681825
0.0132096866526
-0.455540211505
-0.342754557283
0.221169296196
0.234013349877
0.166386146034
-0.0652032540378
0.117390023161
0.23822565882
-0.173431038285
-0.43288644402
-0.454478352139
0.208395943023
0.279383011771
0.144242017734
-0.319328275475
-0.171605380066
0.0264223525324
-0.177580747898
-0.0827624965623
0.154732746056
0.355271401174
-0.289888696063
-0.207530001828
-0.347935403635
0.471552074639
0.373329322614
0.216216098147
-0.0342321707211
0.164252946447
0.0208753410802
0.0917744839455
0.491752574106
-0.441029588609
-0.438419637674
-0.350267096858
-0.199725298941
-0.484673525543
-0.350512777699
0.41264886957
-0.0876645095081
0.161792134948
0.495469365295
0.137253550073
-0.415961328811
-0.332382982334
0.323738213949
-0.445267946295
0.0622865941159
-0.332302331833
0.495953675972
-0.177641268972
0.0123235499968
0.250737858279
-0.0706718354944
-0.241393827905
0.0436158442898
0.351381415456
-0.473068288234
-0.249538881513
-0.0835790921135
0.286050149234
0.350020067488
0.320186833102
-0.281572980777
0.106362550625
0.179368972362
-0.295639528923
0.415255418133
0.119856456036
-0.0178695996937
-0.0915402551396
0.141693259238
0.372373141583
-0.18263544554
-0.488350310026
0.440044923349
-0.152443435022
0.364566214013
-0.316437846194
0.34069017554
-0.0258198122953
-0.0896756678106
0.382850159972
0.130087901513
0.389939086515
0.40272226531
-0.429891272161
-0.289187949158
-0.283839228429
-0.359252340791
-0.196317848392
-0.490992059925
0.165510775718
0.461798477415
0.134521042735
0.0979691579263
0.334298153671
-0.184008370705
-0.443746912719
-0.360611396785
-0.208423560663
0.336418907464
-0.127055773604
-0.276096011301
-0.431138401996
0.0600215020899
0.187022488133
-0.224649693313
-0.181573129997
0.277130582473
0.0594147374787
0.262610739797
-0.0293608842499
-0.0764491570995
0.312463470536
-0.496133978808
-0.155453796371
0.304582643285
-0.461402916818
0.465523214453
-0.122490318464
-0.126726280433
-0.452776226828
-0.0565591314807
-0.480876409329
-0.462037729913
-0.283639342441
0.198659858857
-0.138281778861
-0.0666363238859
0.483375875202
0.228991797526
0.0274993642417
0.0160696456007
0.300335210238
0.350260843482
0.263624255489
0.137776960435
-0.111755540224
-0.177333218662
-0.451174965405
-0.158846953751
0.164645996357
-0.424174839925
0.436282483917
0.391314409563
-0.247111887254
-0.435391376954
0.085934200926
-0.066035997269
-0.139016070258
-0.0325817684737
-0.198730414627
-0.415890093694
0.109951502359
0.309573711311
0.399691371707
0.423249505332
-0.167796524791
0.0618632948087
-0.092485235131
-0.0344641827892
-0.41295142293
-0.262920995386
-0.312408032554
0.0255838452127
-0.214410609702
0.458679634587
0.0953978407111
-0.438967288202
0.252747650302
0.430051437848
0.0103080483545
0.431680841218
0.437616520818
-0.385264650658
0.398263679561
0.0343381209636
0.199044383605
-0.42856036676
0.401460399382
-0.431860607307
0.332237490196
-0.15497936877
0.147731532594
-0.23680163766
0.162865395187
-0.0682177901508
0.244268797665
-0.455266370832
0.261266321043
0.269643854653
0.483852083051
-0.391204430667
0.393217643981
-0.0553904577543
0.455915836495
-0.484325707995
0.0790707696848
0.408418832743
0.00819899743495
-0.00392679311132
0.255096102431
0.148173752065
0.228872094817
0.16075610859
0.0844675563469
-0.0448326177371
-0.338653097653
0.299032844278
-0.464071472898
-0.117699989644
0.376790794741
0.323591115186
-0.415612384875
0.178757033482
0.228320439336
-0.0975620533405
0.042300196338
-0.438935302156
0.0645070062413
-0.280497202779
-0.144599164597
0.0439360133858
0.103223245847
-0.198541789474
-0.211108454952
-0.309673068928
0.0942544369599
-0.328402650326
0.012454874127
-0.367237728503
-0.246255053308
-0.347035591293
-0.329099118367
-0.156615987519
-0.0923190577026
0.0692719421624
0.26888842534
-0.16466809188
-0.279440869487
0.117016777705
-0.499473057044
0.0196569043719
0.13656125183
-0.0351203136215
0.199943103254
-0.219018736331
-0.0966786677614
-0.319781106359
0.195886567851
-0.0893288346449
-0.435258906907
-0.00339234619275
0.404512441034
-0.0794822423671
-0.0686096494896
0.298382072808
-0.247574147246
-0.134598494561
0.0344513182804
-0.430767754545
-0.301624011923
0.297074861742
0.0587448028735
0.184121924988
-0.041429166651
0.46018669005
-0.404507546477
0.454881446803
-0.109099775529
0.361339393398
-0.402652961777
-0.0282239339819
-0.275798121271
-0.069282485029
0.170279190139
-0.0281579838907
0.484721678644
-0.45084223931
0.171528070014
0.0931114357855
0.0621228110902
0.140837522432
0.344613331639
0.28877600025
0.0427617766408
0.266718940871
0.00743851784581
0.225150805927
0.140666682077
0.0173009317482
-0.426444010792
0.389838813596
-0.290026506372
-0.187809943899
-0.00574884593875
-0.109612731993
0.134349816085
0.154329352828
0.47606027598
0.106488677892
-0.0771067856335
0.0554976483007
0.0450459805293
-0.141509700365
0.285535234923
0.347649048241
-0.458336094812
0.224668241161
0.123976486184
0.313979910872
0.410991618339
0.367975823289
0.0496747016883
0.266142787891
-0.175333438049
0.185657381242
0.113739276024
-0.318460612603
0.465145908659
0.104309826808
-0.361007611958
0.100460480629
-0.257937653784
-0.347764883278
0.0466486996711
-0.161350851556
0.391740124648
0.265904558679
0.262613582847
0.495087199324
0.195926961133
0.270096703789
0.153346804433
0.342172482825
0.198051458256
0.278946569338
0.275709473556
-0.477327722852
0.305726049535
-0.229135213526
-0.0693261574758
0.103988618652
-0.454605219097
-0.174025952989
-0.452238476534
-0.257315840815
0.134260422558
-0.468795825376
0.430173035463
-0.0172377209808
-0.415589653545
0.164037357645
-0.180501787976
0.210580286291
0.431986889882
-0.280779515577
-0.0170266246453
-0.0104370129953
-0.372350102154
0.140238641891
-0.322517811769
0.413178249539
0.042815869012
-0.281068585237
-0.355539731882
-0.342152056734
-0.0402181947136
-0.0982077732926
0.130711511696
0.339232394309
-0.406170206969
0.026241396965
-0.369247869527
-0.0563174168105
0.0321702160952
0.495324341484
-0.192423538476
-0.458207783033
0.390494152097
-0.145079596592
0.0776698173236
0.0355577946476
0.16811682191
0.292188767836
0.473777880595
0.181702363756
-0.0921529232738
0.0824467296345
0.263477769217
0.0619033828342
0.390263914805
-0.424131638192
0.273252230807
0.0398199337792
0.0339824166101
-0.305964933098
0.361303662334
0.478104009537
0.08481610238
-0.0847831344252
0.458523848478
0.31100755643
-0.372578255929
-0.26423607562
-0.00575452964287
0.414246890327
-0.122258891137
-0.114783144535
0.179547372248
-0.0576210963692
-0.426594522776
-0.439812694338
-0.492575002798
-0.145652970588
-0.440822967178
-0.00432842116799
0.0742839461868
0.0435735826931
-0.444751028755
-0.44441634839
0.284125194219
0.284041074044
-0.0342505814693
0.310909544613
-0.477501477847
-0.0951113025007
-0.192352328313
0.0108409311172
0.410703559753
-0.432373142937
-0.0735888113391
-0.0706258757943
-0.180749338907
-0.219400404659
-0.308596391882
0.448836727101
-0.206016999029
0.338249086852
-0.447479904534
0.199915832747
0.0718568278608
0.409314132266
-0.445954096638
-0.424666128519
0.348335831403
-0.125541824631
-0.382856296923
-0.303794544634
0.186436799268
0.434234392817
0.325848399829
0.0673410288785
0.0623739973965
-0.365534310734
0.484692197126
0.477269111553
-0.300796892186
0.403054377488
0.084691501046
-0.177838052081
-0.0532722186456
-0.210703979999
0.280954310046
0.165868063374
-0.10091523819
0.22415864807
0.469453821264
-0.177693986783
0.0882362782344
-0.0283270580706
0.00506576922953
-0.0192791690603
-0.292930784743
0.489264313716
0.37965347497
-0.217117284278
0.155584520667
-0.170886867441
0.396155957979
0.395253808456
-0.355735117755
-0.0205714519919
-0.160418862385
-0.124497640941
0.0682339737874
0.253944215397
0.328735598871
0.378957186343
0.370372968929
0.11278496439
-0.274874185737
0.142710789459
0.350282522125
0.100002806592
-0.372526161575
0.297030888384
0.350128410651
0.279054845018
0.00463884073877
-0.427231768859
0.109797330086
-0.282413742958
-0.166234071042
-0.431624525903
0.389245907794
-0.259048996645
-0.357594326138
0.0441142049317
-0.270897730426
-0.452187533576
0.290814166804
-0.113575888546
-0.479279960357
0.39764587055
0.0719163247543
-0.455011049034
-0.194116490844
0.489307221273
0.23057400301
0.424867534805
0.262154688443
0.187419956416
0.391899945078
-0.392726018625
0.231305135568
-0.120203353
0.103362531019
0.0023343543957
0.0778935956499
0.0709869072828
0.413705118048
-0.393739208303
-0.149054588766
0.235002495004
-0.348197021425
-0.259489030721
-0.128048367906
0.147835851873
-0.397951871623
0.123825162065
0.0703218462684
-0.44816354645
-0.47233956073
0.204395001004
-0.203001608096
0.17402437129
0.301135339414
0.462415766725
-0.0749684296036
0.445881067042
-0.451265306926
0.316012482064
-0.0338089640881
0.34836893858
-0.26286911107
-0.00323713906637
0.155043094684
0.222286808447
0.238052623492
-0.330978899811
0.0431023191467
0.295696641366
0.268216624073
-0.150778444216
-0.0386150244007
0.360941138288
0.0841156198495
0.484771865368
0.181053495856
-0.0991897274103
0.260749709778
0.171699424979
0.113817639508
-0.399862702156
0.0538945588003
-0.152345093811
-0.196731851321
-0.224506411718
0.355520282204
-0.0651748226867
-0.494995387418
0.334558481649
-0.391020319224
-0.120870180604
0.421383724027
0.34266515417
0.0348285061631
-0.301963990916
-0.330681595033
-0.389745432496
0.346269144777
0.0872496484547
0.144671134337
0.360475141958
-0.469537523938
0.433628337917
0.413146871076
0.155629901759
0.383840008076
-0.0640698880289
0.145782844377
0.358563206946
-0.48844288815
0.480254040205
-0.401161995697
-0.137795608024
-0.334178297229
0.0510416965386
0.415912061764
-0.0656517629963
0.190491495057
0.472077594583
0.0765435912631
-0.0269368347807
-0.062735470364
0.135927710203
-0.296147318746
0.0762483673274
0.45258170166
0.312240024778
-0.133369643267
-0.30648613453
0.252421355524
0.374551470491
0.0924345540077
-0.126629034038
0.399638759323
0.089921156196
0.39540005751
-0.317170515515
0.210672930936
0.213194576091
-0.373440402228
0.384646884959
-0.464579256897
0.296523129365
0.0901590737209
0.356745659366
-0.0498666687598
0.209937363915
0.377348334355
0.268803871393
-0.241589233307
-0.172822634913
-0.226963993525
0.345559389442
0.056639951816
-0.40309714552
-0.417180192871
-0.266680692058
0.415898637743
-0.222934004066
-0.370707363856
0.304286486891
0.132488648938
0.323477888227
0.375204829948
0.382162673776
0.0674191845363
-0.06313332409
-0.482866714648
0.430114451927
-0.349688380241
-0.307926499138
-0.165703636627
-0.457782207951
0.371502024843
-0.287843212603
-0.420621677359
0.038106199577
0.00903819399331
-0.291089472054
0.313498576036
-0.369970222981
-0.458208089739
0.340989878906
-0.131148008908
0.363754692602
0.442329384522
-0.15548689545
0.291729485694
-0.0719090217775
0.166994864324
-0.183761289344
-0.416193584168
-0.34651552572
0.157211613668
0.28504625425
-0.413851519765
-0.48317549336
-0.0280934470044
0.0391461480716
-0.0345458492908
-0.119194226592
0.16149471987
0.459274014816
0.410698737549
0.188990339031
-0.159121182666
0.0649020758421
-0.394853692405
0.287991961907
-0.0671143856379
-0.188712359871
0.0943703070335
0.0696434739906
0.327623900835
-0.378544369826
0.405686144552
-0.434107664886
-0.477631308241
0.305379028961
-0.124893089143
0.288176104366
-0.31332524471
0.0808554107759
0.420850512517
-0.0189646138336
-0.377157198501
0.228042300963
-0.331988003333
0.299297022638
0.390896105898
0.105126086869
-0.168937935005
-0.114924444749
-0.169212107885
0.0411690464439
-0.340752607696
0.206849313067
-0.271609707258
0.300600189872
0.461762396163
-0.00201226885489
0.270708789233
-0.165720997107
-0.275582934834
-0.00553180164229
0.285542224458
-0.474938092509
-0.406295652957
0.170590311445
-0.471300402238
-0.378741993796
-0.271983125462
0.00230729422158
-0.114386531393
-0.437287291256
0.397416571241
-0.462889880498
0.162327768158
0.379175474602
0.0941081251826
0.181616101253
0.440699159601
-0.420416744229
0.489056270802
-0.369142539064
-0.454400060737
0.122185855727
0.0712182168297
0.0633182354284
0.431525923234
-0.203029943724
0.0853776874298
-0.498119294003
0.326481609814
0.0690738807386
0.181390100341
-0.180393872299
0.0511342543017
0.093134026661
-0.372847244512
0.0147128709455
-0.172697102154
0.306176655601
0.255387169375
0.347307185376
0.308314469072
0.140574136549
0.0204792382592
0.212746403512
-0.211451875459
-0.0606282667456
-0.201848948422
-0.112876919734
0.20927033093
-0.0721902774626
-0.269391178137
-0.492938447785
-0.297368238106
0.449595226359
0.444878180232
-0.260263860785
0.053824191942
-0.420961798219
-0.224288923903
0.153568472217
0.194338380108
0.250160730818
0.171928461049
-0.0724910358293
0.46292110353
0.101251629004
0.257870418996
-0.0422675381368
-0.283195140263
-0.296481750828
0.42400038733
-0.154402427052
0.286048814818
-0.197839112579
0.236450067245
-0.0985935080477
0.0652671341923
0.468157964988
-0.291179418403
0.173194729988
-0.315734428574
-0.198426179256
-0.494495484051
-0.337948492889
0.325313540438
-0.227119563582
-0.0244506493548
0.482015053494
0.398791422266
0.158869959207
-0.486803908216
0.132947325869
0.353488750591
-0.0183967396052
0.137600770273
-0.329355400905
-0.370112623823
0.109687076679
-0.111344523607
-0.0383115952251
0.0145657672861
-0.480965761482
0.272692248148
-0.287015085797
0.031806489071
0.0502377165492
-0.401078824244
0.461717019485
-0.0785430264398
-0.0254691168941
-0.184694647328
0.412280678034
0.288852115538
-0.140317622364
-0.176394996056
-0.084590428374
-0.492895971267
-0.414916426043
-0.0136686285422
-0.244846587193
-0.186162383755
0.120927959788
-0.395830990722
-0.150323398523
0.0549294331732
-0.445100060833
-0.43432855694
-0.391195344778
0.0275344642525
0.324812485626
0.119789712318
0.378887758926
-0.230158521345
0.0180238647326
-0.117740349588
0.348027011018
-0.0864584275857
-0.463955898578
0.285693215243
-0.00525860119342
0.0960543444286
0.485856077672
0.0930341203453
-0.0147046587821
0.145179346852
0.253247236586
-0.216287786491
0.356777364317
-0.11635029839
0.0887311183095
-0.0214618872712
0.0751100738763
0.160325731796
-0.027581184194
0.223148721015
-0.318946529614
-0.259759691685
0.23573758708
-0.122417218234
-0.479393649691
-0.467798276525
0.0760281132031
0.0571079691746
-0.130759841601
0.384838402453
0.248118955139
0.175501551863
0.191189065998
-0.386755130101
0.115295445634
-0.493524078114
0.208396127531
-0.0879163395623
0.303068055704
0.396077741228
-0.385902175432
0.258560897766
0.206051013099
-0.100922643251
-0.454161902257
0.0308482338822
0.214166126864
0.160061635809
-0.0734888876445
0.119741376445
-0.451208962467
-0.32425687138
0.0336261815594
-0.0242382409207
-0.498108585035
0.232416812336
0.181586066713
0.485897095654
0.124181366059
0.170151672256
-0.432446145038
-0.118095349653
-0.0517936549337
0.310097033591
-0.210304809198
0.0588574795511
-0.0427461930837
0.452699947976
-0.30159584273
0.213156211672
0.19559631759
-0.316843665817
0.18785377342
0.0645299125382
0.181689112384
0.484302988992
0.339382947472
-0.236386705225
0.32769237976
-0.393163892438
0.350709936755
0.401191879868
-0.00558803716832
0.403685412732
-0.280125014301
0.00358560972078
0.325965864799
-0.394192966475
-0.147094606837
-0.0848843381482
0.150229770958
-0.306894432679
-0.272056165508
-0.0955850995134
-0.17635654052
0.495493791168
-0.0995689387155
0.364468936554
0.196057078143
-0.0468351512629
0.151642611909
0.129365626034
-0.0672636898647
-0.0851712932869
-0.0258962313534
-0.465932175489
0.159236392812
0.347878765959
0.374788118877
-0.0231133246242
-0.271264614436
-0.421874444612
0.105470803541
-0.344523282271
0.371941107092
-0.408038041344
-0.486388954296
0.168845355266
0.223534130481
0.0338900019589
0.235032779037
-0.342414342839
0.296279862213
0.447857535194
-0.131843444217
-0.425206898828
0.430463852252
0.121053536073
0.186137780643
-0.316700477375
0.25493757285
-0.0809268158663
-0.350023126643
-0.305195147131
0.119034501672
0.0473371649844
-0.273849992274
-0.169094803698
0.165990599332
-0.427359431638
-0.147677259215
0.455891763876
-0.172092428025
0.00101537147144
0.154096438129
0.184439315409
0.0182228502127
-0.401793795906
-0.391500333462
0.0438511037317
0.192532195419
0.0761234986324
0.229137874599
-0.329372604859
-0.392265035098
0.345440984018
0.0474180016476
-0.305137776707
-0.150259060203
-0.243781769072
-0.0393378683986
-0.342574179592
-0.426485150289
-0.240501072261
-0.309528137691
0.223374528294
0.0932522928346
0.201782759903
-0.366743234167
-0.406289687669
0.0372107040711
0.0250066259145
-0.247458614168
-0.341456078807
-0.0171325358377
0.351103237626
-0.376542929188
0.101076007551
-0.160832703613
0.1133102164
0.252513314498
0.48432766582
0.0394155442931
-0.308590508569
0.128346770911
-0.18739037634
0.193668969287
-0.0503564613735
-0.496983043886
-0.0962718393354
-0.129760972495
-0.363585765385
0.36184565663
-0.176415403946
0.197927035245
-0.477295447974
0.209819768781
-0.459363772389
0.0151297705921
-0.10575858786
0.262692363356
-0.286913726904
-0.37012523777
-0.262720562408
0.0337464535199
0.235356668395
0.392598564012
0.107635937217
-0.240878033609
-0.055575086224
-0.197904863153
-0.0972878626575
-0.394373139139
-0.0523281800098
0.0678861038481
0.357724267482
0.204792621752
-0.181255229142
-0.0202069769208
-0.431279302286
0.0245863611908
-0.23739319444
0.294732577804
0.214081956193
0.416867607704
0.477209827859
-0.251665386818
0.269659368726
-0.177287107817
0.411362930099
0.0515190797144
-0.292805636885
0.385385732221
0.29089287004
-0.156870661042
-0.25506555671
0.0200523628943
-0.31187957241
0.469346514335
-0.0432404228829
0.427654846823
-0.0708602924022
-0.272912082764
-0.253330625668
0.443559629486
-0.180470092384
-0.221337480579
0.402004012899
-0.32555575247
-0.171801345128
-0.387314058849
0.0823657480825
0.492046370168
-0.0105609509925
0.0347902905875
0.0660215780909
0.177482198878
0.497656350281
0.369448292677
0.127232036761
0.152871762924
-0.284022468144
-0.0215173921532
0.303489677292
-0.416316909129
-0.239232589516
0.380062757212
0.408335849697
-0.422762106494
0.135449213231
-0.309901521679
0.274255486851
0.182157075472
0.124024156062
-0.264021505918
-0.327642783008
0.29759087821
-0.0884941878285
-0.465078336691
0.282115327525
-0.209058657938
-0.400382314984
-0.204759006444
-0.0342047553078
0.217318179701
0.196880446229
0.458265101032
0.240753110649
0.053559680129
0.0673792120271
0.379740953475
-0.251443026235
0.0605462902012
-0.158839997922
-0.18401595663
-0.0513435060579
0.231197218804
-0.35688754252
-0.198949565233
-0.215338287623
0.0239369644038
0.367785035262
0.177486764819
0.382925759846
-0.493120923416
0.0252006492868
0.0141033203178
-0.136471507704
-0.263810146535
0.261174474885
-0.310726474226
-0.124534015076
-0.478988687044
0.212178245619
0.200490731855
0.0806702587236
-0.236000502082
0.319396169692
0.2557230339
0.189430300385
0.155809325349
-0.313533467432
-0.111114229052
-0.0679078218945
-0.0227062205459
0.373102920558
-0.114063631273
-0.118753782715
0.340783242931
-0.319840029409
-0.153975953638
0.49932486502
-0.471161916576
0.0471582915392
0.101409490301
-0.129465303927
0.229471892419
0.243927926614
-0.09315817875
-0.412766815019
0.104266709569
0.40145858659
0.470449808207
0.240732449398
-0.451361711932
-0.248573507261
-0.48221800751
0.0516856925975
0.138988404949
0.344245419445
0.37536662539
0.287872475628
-0.268146954934
0.460430458378
-0.273640486052
0.0697922357548
-0.205646695509
0.212155011895
0.0355581259717
0.473705491717
0.0495814336682
-0.00974710952
-0.281995609232
0.242103310813
0.445971922715
-0.380311436179
-0.398105811025
-0.324889028383
0.201211349421
-0.431726220054
-0.0786338008313
0.239510714564
-0.251481688299
0.44489883684
0.250894537888
-0.172010410927
-0.289084752818
0.25754165834
0.28497935523
0.0279409928402
0.434401897241
-0.137677815921
-0.130978506665
-0.4385576901
-0.118058824667
-0.22222223244
-0.182800945231
-0.0960295688483
-0.431446778194
0.295855712674
-0.43468621278
0.388331822622
0.416023286878
-0.173546525601
-0.232280187515
-0.489971397792
0.356635761363
-0.219791521892
0.136394025688
0.244210249884
0.121672985571
0.250697987211
-0.0913995279212
0.194002789431
0.0549768881211
-0.0533913147693
0.117588026294
0.104056195727
0.0870584156169
0.000266053343094
-0.416964356484
0.103298039522
0.0490513609504
-0.0192359958629
-0.121680559004
-0.0744306255175
-0.473199879593
0.304587191634
0.409102570566
0.0213345375603
-0.32420870759
0.195084133875
-0.199925064844
0.221947511101
-0.249155850971
0.294163769734
0.226882240529
0.0479739339812
0.190765080449
0.343923114864
-0.171341807626
-0.132920844559
0.206768178607
-0.373940514565
-0.246624186931
-0.166936239145
-0.452907366365
-0.365227689654
-0.44856471753
-0.324959128791
0.106323468958
-0.0664281674095
0.464287142292
0.310716096282
0.47064341286
-0.270915926096
-0.192485084438
0.20590469026
-0.0814578562295
-0.0288317145057
-0.292243494125
0.433039524899
0.0234419407622
-0.186288168107
0.14019188584
-0.430357106077
-0.360975205737
-0.454298462017
-0.317863757337
0.37991982515
0.0941104452645
0.229086255875
-0.494853906651
0.19553413065
-0.219751997788
-0.473163129464
-0.386546380258
-0.17823157888
0.338097699074
-0.426572945191
0.194064425625
-0.472033564493
-0.183153254044
-0.20493646341
0.0152382371744
0.215015898544
0.217500420639
0.368526881612
-0.104884918453
-0.221288561156
-0.194953275226
-0.0617219507788
0.360524800814
-0.385287296778
-0.0827706497737
0.132941669967
-0.347008530491
0.184200384997
-0.397993412114
0.269187140635
0.20814075171
0.145860246552
-0.204172170869
0.0930082994189
0.271724037436
0.220549606973
0.0450655424394
-0.0330513895076
-0.147106605306
-0.389622293742
0.494916719347
-0.255379633978
0.179476654003
0.488616282874
-0.0751379152569
0.217829387141
-0.140469577765
-0.127927865976
0.096418439009
0.413920810874
-0.322741327188
-0.259361285023
0.0261554033064
0.35261183433
-0.437228943136
-0.339962410402
0.142971432134
0.0415423204023
0.274138204847
0.109357351145
0.21886710857
0.373845546467
-0.397480330852
-0.230479100879
-0.318065147349
-0.235629278826
-0.320551229567
0.318373155509
-0.234947462558
-0.444953039931
-0.0293268598638
-0.0818293804547
-0.061745959733
-0.351885107863
-0.42458551263
0.214787632617
0.394735434666
-0.477819918701
-0.116003412815
-0.23828022985
-0.191497100741
-0.0792882448976
0.30713988803
-0.245492739813
-0.481883983917
-0.429782599038
-0.319756026986
0.0351879767962
-0.212370849025
0.453164579395
0.157918351773
0.132420006619
-0.328759976384
0.0506359463208
0.445092684943
0.192466644467
-0.279754260639
0.190194504427
0.480148808494
0.318890501026
-0.167306042337
0.312423510331
-0.485527820518
0.237466797834
-0.256093685678
0.136443746164
-0.495899290879
-0.119638515824
0.355205525943
0.219411214895
0.372681035929
-0.240909158219
-0.100729265923
-0.39656048234
0.203593405839
-0.442939656229
-0.471967996798
0.164034226227
0.118575418922
-0.442172505453
0.305250122378
-0.253311397741
-0.104343930219
-0.447057646662
0.246244133883
0.127998838366
0.00218905657446
0.312156992938
-0.489305555949
0.375225852299
-0.0375211389764
0.416145050776
0.149204565776
-0.011375893534
0.0530449080198
-0.333397479671
0.401018499371
-0.143352375238
-0.0626289145931
-0.339825101467
-0.13690076583
-0.422531922385
0.0677855239418
0.33800746531
-0.0929031024102
0.0685346999062
-0.275684119962
-0.362579589951
-0.390471475953
-0.283535798593
0.134937222185
-0.267784613295
-0.124097890126
-0.246802860511
0.45043628314
0.498397626924
0.18295509174
0.407905044979
-0.394108526327
0.25347040534
-0.387032093105
-0.0259848104354
-0.219168315643
0.430723833652
-0.162875105393
-0.256980147162
-0.499187574919
-0.133959335352
-0.334678542616
-0.0577309577904
-0.296691271208
0.421037997243
-0.356792613484
-0.112206850292
-0.197169696038
-0.353012897399
-0.0176713921497
0.0645892539907
0.321181940605
-0.376826516915
0.368804164089
-0.464579475483
-0.360518054115
0.102410898282
-0.256659758247
-0.114469646161
-0.0551397123322
0.128186653629
-0.227212741721
-0.127982792418
0.451873053293
-0.468232485607
0.309988884922
-0.385667754022
0.435832788581
0.285946850498
0.110930692491
-0.247548412411
-0.0412680720128
-0.058777635439
-0.470714808983
-0.266913575459
-0.0732360276613
0.182161190618
-0.133411758929
-0.452690887555
-0.216479969212
0.14703525936
-0.171719319394
0.240710792262
0.149084932379
0.2877486586
0.0944393845528
0.231339289219
0.121941553172
0.0927364172782
-0.0935925021416
0.137295171182
0.485391392647
-0.175468981417
0.206873137031
-0.0132185937421
0.21105043174
0.422894105734
-0.214227512909
-0.317573492925
-0.0162813406426
-0.0564353670788
0.0557275774811
0.1196108823
-0.321134081801
-0.498501386042
0.471163377788
-0.411903408294
-0.298611527991
0.446156938573
-0.115012487451
0.27568342423
0.328059927652
0.230222178867
0.464824610648
0.329200801632
-0.0284989403637
0.220144202636
0.0578524827139
0.495668274756
-0.0919286039605
-0.348225517939
-0.208465082508
-0.286740551113
0.27066292969
0.495772482365
0.0334240494975
-0.0771185073768
0.0531245464265
-0.429806356586
0.145265232617
-0.162986616497
0.464411128006
0.431839052566
0.196517946185
-0.295014905768
-0.323216117468
0.449400623007
-0.213227044591
-0.278795753495
-0.390801200128
0.0857158328822
0.208060232448
-0.0217834138054
0.171780143431
0.0750753796227
0.315787668111
0.236196096789
-0.0165086028282
-0.198718859016
-0.255840266232
-0.0449307132142
0.485632122648
-0.416059430751
-0.297711166452
-0.0889402409825
0.149933462639
0.115681187921
-0.0477738040232
-0.273465093657
0.0263133023806
0.252697730912
0.154918292414
0.25577828554
0.313471550014
-0.132717167547
0.267833914607
-0.0771869549533
-0.481558088193
0.20770517723
-0.136681224076
0.457656405917
-0.149257926695
-0.312648768573
-0.289316563037
0.247622690785
-0.441252758795
-0.478341024023
-0.428248938461
-0.205281716411
-0.315159257915
-0.290048053112
0.35316466366
0.491342617156
0.331127854943
-0.0975501806437
0.109948734823
0.104399936829
-0.483455321097
0.198865403971
-0.0643744067232
-0.174811926372
-0.06469651356
0.195970860429
0.233556988585
0.299014725676
0.0685352157638
-0.236813587201
-0.270665393745
-0.453864329966
0.0738366785752
0.196596860847
0.299418009093
0.0267762003081
-0.228967026922
-0.123585764727
-0.0181769756981
-0.0304627491344
0.264469436381
0.397289349846
-0.367097274505
0.260811339227
0.292676777952
0.149277214261
-0.233730111835
0.38176134113
-0.187508271061
0.0753268270186
0.0473990457592
-0.0989483079227
-0.219084771305
-0.0708897378306
-0.391370480099
-0.497597146193
-0.398666159325
0.413618811808
0.410221054173
-0.275136092328
0.154802244529
0.200509114593
0.312562258173
0.186247520068
-0.0305721213944
0.37295451622
0.217395942022
0.250159251902
-0.0700152148528
0.354896549842
0.0442811711158
0.301841295189
-0.131498066719
0.402870660374
0.401964007153
-0.397563396821
-0.242175016804
-0.0211688563176
-0.428827220134
0.396788361
-0.198987240153
0.370688464986
-0.0519058204889
-0.403958670142
0.299632790231
-0.0600128073489
-0.244281444443
0.245127208612
0.352352675222
0.464541620694
0.235557527115
0.367998896895
-0.275350602669
-0.192126465811
-0.433753111298
0.0296909734497
0.492309198455
-0.104888437093
-0.129805893186
0.259653051516
0.111347701006
0.0242054993338
-0.22090554958
0.178183195747
0.069441727994
-0.139851068251
0.332984563606
0.19355250925
0.31008651695
0.0771011489282
0.025846568777
0.229960257816
0.301537934933
0.187625175431
0.165905471202
0.192347469967
-0.343688763082
-0.153483256447
0.311054513592
-0.302497939479
0.372183068462
-0.146605108964
-0.498661709754
-0.0864354995314
-0.495699780551
-0.174071574735
-0.447834034526
-0.0394318872596
0.1395540399
0.0585872996124
-0.482064178533
-0.468878297376
-0.344812375447
0.0430041619098
-0.0208905789046
-0.477859450608
0.38527876451
-0.208232440173
-0.356020340237
-0.256746418272
0.360330765999
-0.0620798620628
0.000158850466438
0.457479792767
-0.245424267926
-0.315189939398
-0.0475861541588
-0.284102593656
0.193126088951
-0.123628760751
0.442514930488
0.226171996028
0.395664808764
0.0432301109305
-0.344351306048
0.201969795844
-0.00459266244011
0.303746464481
-0.11806195102
0.437240111002
-0.0886896640107
-0.0435912558898
-0.303140607428
0.41071749582
0.262036448578
-0.340718490156
-0.160812901351
-0.346479768094
0.268881723473
-0.288879682783
-0.243193704447
0.177585764898
-0.316159883415
0.0268258952466
-0.14268775945
-0.221662557108
-0.0298196208192
0.444849002945
-0.167057652972
-0.491320917313
-0.0594848815378
0.0508124071485
0.217359085638
0.443285830308
-0.0673413794606
0.192266566318
-0.012052806098
0.352406454576
-0.321956284084
0.248447847089
0.263476713075
0.122610286692
-0.176226144957
-0.398920748328
-0.233443059087
0.0345262569828
-0.349712310519
-0.218607492991
0.414341621627
0.367460238958
0.202228639773
0.00789715085305
-0.467119622508
0.3123039021
-0.431730329098
0.304154454578
-0.383615407991
0.493043270813
-0.213257815081
0.0896251468757
-0.450735128105
0.292222999463
-0.0846134446296
-0.206179775745
-0.127972060379
0.155838362603
-0.44884167971
-0.20683296428
-0.172634374716
0.317576854236
-0.0750325086668
0.422371902173
-0.175613933712
-0.205132623661
0.393016451789
0.42644460712
0.251768602769
0.368883433624
-0.095277762948
0.24026918689
-0.275740708733
-0.0142993371333
0.461692546101
-0.0837820622394
0.300942850141
-0.142086701693
-0.325452535529
-0.298626298025
-0.490617013765
0.0818743251096
-0.150558018409
-0.251602407702
0.0846951750018
0.332255278749
0.126080299614
0.140376491766
-0.463992948828
-0.427912044278
0.415395468056
-0.230945327508
-0.208923290572
0.477350318253
0.0264602293168
-0.446946946254
0.494215796278
-0.27932579953
0.205486272789
-0.397193366614
-0.0347207363887
0.112097663735
-0.158181499479
-0.321434916628
-0.296880003073
0.00705476867924
0.0198488130645
0.385936395277
0.0757693084196
-0.432617185879
0.0749312338906
-0.329181012913
-0.475528573018
-0.471562748861
-0.428016824206
0.242168905994
0.0639866464171
0.296860758732
0.259369824012
-0.250973428247
-0.237166955862
0.150487602714
0.39080698063
0.134119422063
0.424751947982
0.360421716165
-0.41242414955
0.233442775628
0.414806470267
0.145353360505
-0.177906066714
0.477244665319
-0.205287004597
-0.0568448235334
-0.292633755214
0.244396581126
-0.0302993983983
0.375411744865
0.181957421266
0.102134508184
-0.269849911028
-0.396696610525
-0.0832315615641
-0.177374722075
-0.068625573589
0.249998780825
0.210070004114
-0.45451532331
-0.166380043437
-0.110445776374
0.332209580102
0.278121185082
-0.420157430768
0.228680925818
-0.0210484638186
0.433970057593
-0.228899080054
-0.110677199347
-0.159819618851
0.471519547883
0.284782250747
0.197426948536
0.00522320437884
0.390902256154
-0.189725460368
-0.432999125576
-0.0235311836788
0.260390418228
-0.0371671921755
-0.31509582635
0.129002070223
-0.135587777038
-0.383787416161
0.0690338132822
0.091762024393
0.479182889824
-0.482763244142
-0.271809129854
0.257223886812
0.436695708727
-0.406989874548
-0.344295575943
0.0444148617377
0.462413196395
-0.0503987088113
-0.0958137633146
0.0351852577347
0.0351231125308
-0.086070947882
-0.154796569469
0.327367156093
0.194606710756
-0.42890970197
0.332892442031
-0.153298484423
0.494769850456
-0.229147824009
-0.369079983577
0.440768592095
-0.481038165437
-0.283805352637
-0.404471993523
0.0850579025598
0.40312611987
-0.0231307145374
-0.167850912123
-0.394433519289
0.00332210348261
0.489708140815
0.245405460752
-0.288212859787
-0.337308737149
-0.135771528287
0.299503509066
0.492518483406
0.484861950365
-0.264615841512
-0.0686979333887
-0.171610099061
-0.496976140231
0.245975801151
-0.0323790553895
0.248759440727
0.271423060143
0.224615812764
0.434423015902
0.285038139543
0.213737430626
0.367290762488
0.448657966276
-0.0907660452264
0.39094481319
-0.230190746248
0.300520975233
-0.411297729505
-0.424152936895
-0.178983048681
-0.0713342907234
-0.301134702946
0.145312847008
-0.0517142022522
-0.0348020256786
-0.278436102929
-0.0774786929411
-0.420087141694
-0.172612253173
-0.178227353822
-0.266232524939
-0.216618933535
-0.246735325869
0.228550469576
0.37907967767
0.239217027174
-0.227129097857
-0.203600494868
0.469416667348
-0.0284601021955
0.26607792477
-0.13735291769
-0.230704423871
0.361756306782
-0.0687706882856
-0.223539829593
0.185037898631
0.351835481659
0.2071127373
0.406508668409
0.051907729789
-0.207343990925
-0.487030725906
-0.356696223144
-0.0735226556908
0.223091602127
0.473189658792
0.491271934829
0.0137540474789
-0.0863483901161
-0.491926347132
0.0920131093033
0.398632502026
0.292368579681
-0.0709790152273
0.405815591908
-0.0131825546025
-0.465505480946
0.0417128310072
-0.415069217346
0.0275579718059
-0.402754063184
0.0100967344896
0.0189312700464
0.238043666241
-0.181285031204
-0.248402100006
-0.313396713125
-0.286469264142
-0.394088838966
0.216266682226
0.068189681699
-0.120145574395
-0.398257628589
0.401975865058
0.486143951391
-0.170791678932
-0.283562866494
0.065846867939
-0.267983236075
-0.0818151338524
-0.0242339334534
-0.249093687898
0.475158753671
-0.462040826378
0.377651698592
-0.0565872500488
-0.203293734265
-0.283756291519
0.303839564297
0.131660095476
0.0888076603908
-0.370722231014
-0.335281342412
0.000794489766417
-0.101228135193
-0.322830047011
-0.409657518847
-0.440072817152
-0.212369875217
-0.436870233118
0.119814199427
-0.328700923543
-0.476547567173
-0.169999043841
-0.371719761628
0.470259705562
0.083291282892
-0.0350481733498
0.40313780963
0.46055982266
-0.272515795135
0.150265318788
0.265455741719
0.0653278042783
-0.26357693346
0.173540937108
0.100308744463
0.248833345381
0.265318790628
0.370248609969
0.249480050311
0.360710491708
0.424806944911
0.414321519994
-0.234029165357
0.320600793033
-0.227060143478
0.276281605619
0.261825186321
-0.2599962585
0.341893130029
-0.474959510808
0.277684778672
0.240984297566
-0.0753855361716
0.0246111262516
0.27375890472
0.473634869657
-0.477280346632
-0.207414418858
-0.474927475972
-0.0993067890939
0.337064627317
-0.253366729697
-0.285846807859
-0.0256762875211
-0.459579733043
-0.489578843485
0.486881063035
-0.468494953962
-0.458586432541
-0.215578768865
0.268182354842
-0.0647236225942
0.200719832168
0.142245430068
0.284347782679
-0.0981683632393
-0.435523877284
-0.0493009938825
-0.454356880339
0.281711213444
-0.409812160295
0.450881732537
-0.335753899292
-0.496298694747
0.324201387703
-0.422371023732
0.46775004582
0.364961694186
0.413908563532
-0.0883667651849
-0.433453766526
-0.418914344979
0.105697024266
0.205430146812
0.0662282557661
0.178472520062
-0.466835803426
0.204437317809
0.220817657701
-0.00991422556919
0.215665255702
-0.460663195922
0.0735616008755
0.439574155675
-0.483574637006
0.0723717817118
-0.392478881626
-0.0179983136212
0.00400659128068
0.00855013683367
-0.31651885267
0.317188948446
0.44392854729
0.298071540704
0.281363312736
-0.0136074748185
0.0948114912935
0.461519274874
-0.0492521353059
-0.131689402734
0.477031739816
-0.216605112895
0.359377725236
-0.427733972207
0.180469769919
-0.334639732678
0.271340741878
-0.132641719988
0.342674787797
0.361414099034
-0.117624222695
0.382100696264
0.164802369632
-0.059628203063
0.0531600977908
-0.347971238072
0.125087326804
0.292989725606
-0.213092248294
-0.433528844417
-0.209772961681
0.316495905596
0.4131855425
-0.417161689691
0.467097560448
-0.128442401684
0.326711883753
0.0066826886005
0.425428258393
0.304083213715
-0.398210393539
0.0319586080021
0.342960480341
-0.479362254365
-0.476289866008
-0.472123067986
-0.310912825549
-0.0374824674888
0.0400386419512
0.0679454290316
-0.24588236307
-0.320928051335
-0.485531605203
0.350258423926
-0.317467692414
-0.495231775891
0.47816047736
-0.0994905303435
-0.229673252075
-0.472948743557
0.447991630189
0.2270668555
-0.292259682738
-0.236099734246
-0.321563963895
0.0326921397705
0.306473149332
-0.151280426654
0.0493783139967
-0.015612408615
-0.272453250782
0.123179413729
-0.296728058654
0.335975702084
-0.0715538966812
-0.0593693529823
0.127744967581
0.389854749841
0.378923964374
0.321840408787
0.204537455398
-0.485007195743
-0.0896117245311
0.412025801794
-0.411386314251
-0.170272577845
0.238005406039
0.468960431241
0.0264251231182
-0.34330247796
0.416418455659
0.148613546605
-0.477026350468
-0.317836512801
0.461591847025
-0.207514898286
0.144195507202
0.104991517434
-0.318736551074
-0.295096182513
0.224553578975
-0.333753569496
0.24531845656
-0.206512486408
-0.233351019739
0.0108793021686
0.323915617871
-0.012980189386
0.133698288943
0.333316283701
0.499891822223
0.242695683425
-0.275674243924
-0.491500986258
-0.00241467772179
0.0397065446737
-0.389466336039
0.43310956413
-0.0149940467189
0.0391243423755
-0.0365312248373
0.157206905227
-0.397685875607
-0.463855260786
0.313218857157
-0.193699371369
-0.296881774011
-0.249342552998
-0.294968681897
0.470396179345
-0.230540925788
-0.302053578469
0.205565235078
0.468631506342
-0.110964862445
-0.440029045108
0.296770432882
0.258680483745
-0.476274697577
-0.184172420785
-0.377422993115
-0.229456374737
-0.367709498635
0.0681425381979
-0.388719466439
-0.361226118952
0.333351684354
0.336686371136
0.121537050226
-0.239832385428
-0.348145260064
-0.475326928489
0.0362770094163
0.457145762716
0.258747048186
-0.0614214352694
0.224703299159
-0.0318274735088
-0.224352499603
0.228282674792
0.137833477449
-0.380433231329
-0.0957203887449
-0.328699960509
0.232964272353
-0.410572124573
0.176092730957
-0.442862419148
0.210791960301
-0.139244291619
0.460941163421
-0.0905835832244
-0.205086844559
0.27401551885
-0.133268365304
0.20753240523
-0.288285580956
-0.305412435614
-0.441310453996
-0.273017051346
-0.0558757881728
-0.164285875983
0.108182683463
0.179565964664
-0.125406758217
0.0827156439834
-0.44100222879
0.0791796477333
-0.431936759502
-0.0704788658135
-0.335733155745
0.0404440491807
0.0634957696291
-0.385140738108
-0.446133344645
-0.403328671389
-0.498754989783
-0.170375008597
0.298763148724
-0.215855275874
-0.130088371602
-0.160416028607
0.0366646999214
0.336022345465
-0.182504271009
0.206432719972
0.105777708904
0.206478428327
-0.233506938638
-0.437909726016
-0.40894255262
0.383116948521
0.430410402569
0.018188983873
0.147956426518
0.462685857595
-0.12583879822
0.158131578594
0.0825934031127
0.0202649308689
0.379954381143
-0.221450540468
0.227684920581
0.29102806907
-0.0781157114747
0.379359470487
0.359463249394
-0.143833223663
0.012742737334
0.0853448195796
0.250213112966
-0.0821719396331
0.294620780576
-0.427544633886
0.350208093942
-0.386360856272
-0.0273307375106
-0.0925024916889
0.323152724011
-0.0696866733724
-0.270699860998
-0.0227404930128
-0.453691776622
-0.36258083744
-0.394424285584
-0.461544905328
0.0165385897667
-0.295260658278
-0.0647367566868
0.187587537627
-0.396810047975
0.288535628746
-0.466201004908
-0.0899624236569
0.488516504199
-0.0886094343013
0.46355285764
-0.230328849863
0.214101343945
-0.0451595866088
0.252660413537
-0.429378971075
-0.226390108492
0.0849755433272
-0.399777661087
0.106402683067
0.249650102091
-0.486884687226
0.498664728374
-0.105540345273
-0.0194001654362
0.464227243428
0.453717345041
-0.463158073574
-0.402132552549
0.147807131479
-0.176763738548
-0.0218503330137
0.164753249201
0.107916486157
0.492863864896
-0.324998465358
-0.439006911623
0.190740449279
-0.342296725404
-0.252293792801
0.0488321825451
-0.178199129362
0.348692405838
0.249243684961
-0.343752769582
0.275831669051
-0.271081825397
-0.406106510817
-0.293138905631
0.191254240575
-0.0354616679859
-0.163801748758
-0.137067154624
-0.240340514784
0.00182519960113
0.415008151964
-0.166284860055
-0.128171502377
0.418873775475
-0.438224618638
-0.425440463864
0.477431444518
-0.455836338894
0.213359470071
-0.188758772332
-0.475566365547
-0.260938802595
-0.189401457705
0.303637295975
-0.13386909015
-0.420281280283
0.496088384636
-0.445601102661
0.0782387864538
-0.243311310427
-0.355391599949
0.282091245457
0.258475226051
0.185393419949
-0.136238719276
0.487286546823
-0.121214552145
0.22136575184
0.360392126304
0.260295451374
-0.224240757618
0.266506520579
-0.254552437624
-0.409466814856
-0.0397075467853
0.0719393452708
0.305195707033
-0.187735797631
-0.398098320568
-0.181667205634
-0.149025192473
0.426848962006
-0.143761094732
0.39296096806
0.00983766551858
0.15785058496
-0.184305835322
0.218648233606
0.399257491392
-0.156121562028
0.25781705482
0.173601473075
-0.118710865115
-0.441418226871
0.0072815356721
0.0798198557293
-0.358377033141
-0.214340928975
0.492810868753
0.044690542845
0.331828902295
0.469831232307
0.444388925319
0.293347163075
-0.380770421037
0.262896715147
0.0648552443528
-0.203225562577
0.3315637357
0.217773358668
-0.169053082186
0.120723470927
0.00743525613916
-0.44232650065
-0.424240167244
0.345721205117
0.0692136126931
-0.345569234826
0.297478906645
0.214300412087
0.12544115081
0.455537653457
0.382294352042
0.441578492579
-0.333431823349
-0.113407819555
-0.427838342211
-0.265452470827
0.348697714244
-0.148559720564
0.0409629060051
0.366532322732
-0.226408231186
0.395749391631
0.369366679088
0.368543057426
-0.100863759093
-0.0336682466845
0.0156922057386
-0.234101708421
0.221594965934
0.0137736359664
-0.0986322414746
0.443148393618
0.0450703378818
-0.00714751408978
0.0665764053823
0.2988744197
-0.0914690655348
0.257063049377
-0.270607462287
0.461402699208
0.0203310748647
-0.294930911479
0.0496359340725
-0.205118672718
0.464506825104
0.206850527427
-0.421138869528
-0.375072188543
-0.334801791767
-0.100090747551
-0.219538620885
0.493739772965
0.321088675762
0.136768106741
-0.108992075995
-0.479713911217
-0.141400914006
-0.00619891343727
-0.418386486415
0.01292136496
-0.0343524902833
0.076773049808
-0.345887615325
-0.316794360451
0.424566289806
-0.381791982922
0.382590905793
-0.468586570127
0.0387323919813
0.38834907172
0.124822526306
-0.262005433918
-0.00809540276372
-0.373314378478
0.184920514316
-0.377031079497
-0.422541006634
0.139180673067
-0.192224187854
-0.495201145932
0.47391645619
0.00354421759627
0.4045719766
-0.356586790048
0.372009432935
-0.428307576757
-0.498949835175
0.297716485481
-0.124644066115
-0.0521955189023
-0.31585552313
0.0766317097648
-0.230986567291
-0.311357459752
-0.442564922443
0.0501762391133
-0.120317069011
0.238264434309
-0.221700417716
0.477301758395
0.112180846083
0.36051708377
-0.192412276113
-0.0552796930608
0.216907489205
0.240500691143
-0.0646311060723
-0.198282198211
-0.0494572960503
-0.477690031824
0.0584987834175
0.452091411741
0.265498305103
-0.373044368346
0.208140672481
0.448599409375
-0.00747175631124
-0.178581022532
-0.265477498492
0.496579904154
-0.231558999105
0.366164158283
0.492815337608
0.452587992939
-0.197318294161
-0.157080747964
0.0535003969219
-0.12854880278
0.156812439997
0.486696664354
-0.295495092
-0.0424592361451
-0.00414236825458
-0.0780047302788
