-0.0732501171117
0.151213260964
0.302910970459
0.194523114254
0.220017140218
0.213215248274
0.0726482557734
-0.0658979922664
0.463863209282
0.262613921864
-0.0195876679532
-0.0848264072313
0.180731800653
-0.134572892279
0.414519254795
0.228179509386
-0.0455486854917
-0.131000616771
-0.0833456169975
0.107907057923
-0.403025526711
0.238014204876
-0.124205805581
0.493095426476
-0.0123690289384
0.498535415199
0.486642504643
0.411694977287
0.473249561896
-0.254490619236
-0.212565985713
0.00597945474201
-0.331945865623
0.40941874062
-0.423068540526
-0.444849369704
-0.196400019264
-0.46999276001
0.219785633336
-0.347888245931
0.391133015407
-0.212507346754
0.0227973800988
-0.41401343783
0.218602733427
0.348832427438
-0.42393007847
0.097293632042
-0.366628194206
-0.289370682074
-0.321904002061
0.00848648565211
-0.00544745015799
0.331865538321
0.0776708640743
0.265064007463
0.357379911588
0.216875408339
-0.0346845565573
0.335470608084
0.101512238495
0.249308625079
-0.0814710518298
-0.4201392375
-0.270892092865
0.443209994934
-0.21835432484
0.134982275972
0.331869190204
-0.0939992958568
-0.461115845333
0.376106872838
-0.187051295184
-0.241115885532
0.275536825677
-0.49532961329
-0.134924052268
0.136918016037
0.17566662159
-0.114938958675
0.12318032473
-0.0280913356746
0.0296514447325
0.44185135316
-0.402208395122
-0.132050498961
-0.355276137704
0.350348777635
-0.373595625675
-0.243986025038
0.123140225242
0.178537170992
0.235689245228
0.151715281154
0.160464118947
-0.370850509218
-0.443598707528
0.269452943298
0.0620147242792
-0.285358166636
0.1416202575
-0.137464000101
0.0582849676591
-0.0398190727291
0.39199603032
0.355082867339
0.40951192805
0.351822243995
0.174553762422
0.0543591237909
-0.113915291923
-0.111063006271
-0.0365518038393
-0.104215684392
-0.191680113306
0.404308564396
0.28384225994
0.108197261995
-0.398788620601
-0.469192960249
0.216390901203
-0.043059591486
0.234366626351
0.09177892062
0.451392630848
0.0338341960044
-0.180105083568
0.108762508556
0.427796321899
-0.0862732477539
-0.230264780006
-0.331762995379
0.232334650522
-0.321186838916
0.0226347535534
0.0472814083583
-0.280669171478
0.0886010690718
0.36419847205
-0.431776388693
-0.0581669362521
-0.204212321064
-0.0467250201509
-0.134442293963
-0.348435034845
0.175792765403
-0.39945953133
-0.33697652868
-0.231520532136
-0.116365093737
0.082371258705
0.118089226813
0.329239353389
0.0213963987481
0.0565075180919
0.169311966422
-0.11892227893
-0.0870985598164
-0.104587914777
0.107520195162
-0.377388851534
0.198938663363
-0.389301536317
0.028864244002
-0.236442885331
0.176137428387
0.298104459832
0.196294483197
0.422876514418
0.336139108022
0.200827806117
0.0331399867569
-0.243293347065
0.0757310960366
0.207464616236
0.323280631441
-0.343823079528
0.353736523841
0.0745199225539
0.310712671422
0.138913230297
0.0265889386308
0.472637481833
-0.130813416707
-0.25661581915
-0.0144989780976
-0.240332694701
0.206339464306
-0.352279653275
0.0842650926099
-0.0558899495978
0.263675226528
0.363468555693
0.0247345169811
-0.325260064788
0.170031663123
-0.484369560919
0.316473321211
0.106764626549
-0.2681928977
-0.270575158083
-0.271275672601
0.429215805226
0.237975556704
-0.353808994219
-0.155189860554
0.171282381762
-0.109850239472
0.125471641032
0.216091107878
0.301646004324
0.0308334405131
-0.178501921587
0.0187988432646
-0.374354865978
-0.376202023429
-0.387503035397
-0.410351817594
0.286066063634
0.353192218949
-0.295277437917
0.297720177436
-0.183412481109
0.0812813756485
-0.48574584891
0.174099716732
0.303314004972
0.328021042966
-0.345086250754
-0.281702731331
0.13271019712
0.28126983505
0.256777695525
-0.175947879481
0.387290749194
0.148695124602
0.376043796408
0.00883003878564
0.377648226097
0.148784464155
-0.249953800366
-0.387174791792
-0.257446626756
0.385953117947
-0.0810119255266
0.414895496328
0.173422410088
-0.477312185389
0.267564204208
-0.260110778939
0.144136608702
-0.17383407296
0.280370543631
0.111350948495
0.214952089028
-0.222084399893
-0.0992251597737
-0.43339773961
-0.0791693358086
-0.0475016872777
0.235507719809
-0.249328876259
-0.392490860051
-0.121124476498
-0.00963016678841
0.0169242553578
-0.105063405994
-0.460260285845
-0.343942274257
-0.0484983547933
0.108036233466
-0.389580787
-0.234761507716
-0.410038988369
-0.33813272201
0.425671998968
0.15855251847
-0.466989874634
-0.0247081927264
-0.456948237333
0.0571188571821
0.137685796721
0.436526539733
-0.159897154832
0.063736869726
-0.314037729491
-0.0325371759026
0.160682298576
0.0736762976363
0.372115022463
-0.0760392694922
-0.140778367108
0.285240085185
-0.344246950609
-0.351954298326
0.369593845549
-0.0712211098784
-0.102476252004
-0.333804391154
-0.0688899513668
-0.265510361314
-0.178303669771
-0.455630981403
0.357255438888
-0.0187656283583
-0.261120386097
0.274378870113
-0.224907254115
-0.233496295323
0.23153727922
-0.163772192071
0.224835853848
-0.322079408682
-0.161477946591
-0.49939874511
0.308680984711
-0.324478576134
0.425731620774
0.219851574836
-0.0622166492753
0.0142669533934
0.396517184411
-0.45233268807
0.193458412655
-0.0774413048157
0.100041549619
0.0653887807131
0.409341718544
-0.10892887925
0.255585996373
0.333431416226
0.406108841568
0.0794152438167
-0.431190017255
0.0680272595839
-0.453197661745
0.0665373416097
-0.297108036283
-0.309416081241
0.134312576181
0.401447937787
-0.140865654173
0.251881868009
0.277014842369
-0.127812862215
-0.0882333688476
-0.292157334841
0.217312208058
0.4689622309
-0.478554566069
0.462853719556
0.371966874565
0.123096350386
-0.166335844289
-0.29189669669
-0.402489473969
0.0839090160899
-0.0442171336404
-0.000621561017666
-0.0803384103555
0.350633293622
0.296673357007
-0.0343147005727
0.0738494762435
-0.021061829904
-0.324657699923
0.246512728192
-0.0902577625602
-0.364440593207
-0.0674136352119
0.110217274817
-0.136464851752
-0.0249776342144
0.321489371014
0.431713079822
-0.284933001647
-0.32773922029
0.334665489918
0.272973085763
0.178591523564
0.225921406029
-0.01049180831
-0.306997793638
-0.199224207044
0.494882618278
0.381272345579
-0.117673301244
0.14719139422
0.343187005808
0.034358359787
0.196546031454
0.00808461816991
0.035076792106
0.490672877969
0.376828054922
-0.132161307359
-0.23315760768
0.00664291906267
-0.196521189119
0.278742510049
-0.139636020714
0.132520673154
0.330139901579
0.364765064279
0.220700550483
0.182483164951
0.116915516544
-0.15776546313
0.132884070746
-0.457550014885
-0.155188478342
-0.421620864411
-0.311768381883
0.375283572356
-0.151910070894
0.281446466873
0.079080052957
-0.150803076114
0.437995176388
-0.353156706499
-0.013250947402
0.301901223124
-0.0992373823736
-0.437034848574
0.239649532838
-0.290551213589
-0.380820449438
0.419351736663
0.0158666101967
-0.0829270297643
-0.286828996095
-0.390222173071
-0.209025902897
-0.242461974251
-0.314070962424
-0.178484875949
0.0977663219879
0.479625809331
0.0278341604755
0.381444200276
-0.113331563943
0.480608400083
0.344687930318
-0.061435831473
-0.388177358569
-0.0625303650604
-0.220979988655
0.103009682958
0.253307200473
0.168436276996
-0.108776053981
-0.169392384986
-0.0580849542601
-0.368461915601
0.230419879593
0.376317734503
-0.0414558294783
0.469039581682
-0.180590066441
0.381089985673
0.161494137657
0.0550719670807
-0.202208357141
-0.44038512865
-0.162958058346
-0.177674952778
0.475119144376
0.127657067004
0.490075297128
0.474093204551
-0.305774642127
0.0341555089435
-0.0486413607739
-0.39001371288
0.224904398019
-0.188317532975
0.133437722863
-0.303035050451
-0.00286564825191
0.265860122241
0.0866615737114
-0.284685840439
-0.277532970131
-0.228053224516
-0.319997558723
0.150176329269
-0.11532468109
-0.442132162696
0.106270515182
-0.21626860554
0.161201295211
0.432014375886
0.186020886281
-0.145975844422
0.317330399665
0.17494925701
0.0957885747295
0.203375869729
-0.220582874953
0.363734231993
-0.41567106066
-0.0315896464347
-0.274149477912
-0.228533021348
0.292012720247
0.359514893059
-0.498260217216
0.302341509813
0.375879881772
-0.332172888965
-0.00118963688205
0.196229594045
0.281097523208
-0.0354948988325
-0.0716979984531
-0.139844158037
0.304669158616
0.427735089079
-0.00828240540622
-0.0144078003304
0.394805973575
-0.236686575484
-0.233099476915
-0.366963814338
0.243195452856
0.0484226923979
0.4303040414
-0.338151757468
0.402432607137
-0.0404321530503
0.0823375999253
0.498284123652
0.238386763353
0.273059275908
-0.0693404503234
-0.0673607507088
-2.71262824972e-05
-0.308757016769
0.35795007704
-0.449557859577
-0.227647906239
0.372727350553
0.218153400723
0.141861541071
9.45590242959e-05
-0.317598548762
0.311167853402
0.0251506540091
-0.427151430437
0.433461831172
-0.139175891897
0.189397990592
0.312358338232
0.188984596007
0.397427310718
0.428851780433
-0.0495567468088
-0.386762395906
0.378580756199
0.385800777492
-0.229503266144
0.190759371934
-0.352442279701
0.264652003883
-0.413313037236
-0.00817342783862
-0.181511503685
-0.456779639787
0.00878256643964
0.0270614454298
-0.0127241977077
-0.199905311816
0.201382654481
0.0164254434507
-0.448030743922
-0.412619616342
0.219172481319
0.29052354133
-0.139201962367
0.477207611414
-0.331251143222
-0.328932431794
-0.293750699826
0.142027296135
-0.220365025856
0.180848263094
-0.170271371523
0.122879287106
-0.170036869396
-0.132643222421
0.242196503021
-0.161360813211
-0.115110810193
-0.490413754774
0.110487812184
0.115810822982
0.0922549331721
-0.0252119305007
-0.33217421259
-0.121866914278
-0.195167436172
-0.416973010828
0.121079350581
0.0859114660018
-0.165956026991
-0.474752405881
0.273055432321
0.063554771442
-0.436944811552
-0.258725033987
0.307057526954
-0.023283065662
-0.442206415246
-0.4644865067
-0.392086995169
-0.145594669222
-0.187234311545
0.27137912491
-0.357464179702
0.0168001876459
0.399763069771
-0.4062591591
-0.36378602445
0.374538082219
0.306966938172
-0.401887672271
0.338026995998
0.160121724421
-0.346855200428
0.251011437368
0.181593851487
0.435645638319
-0.37449726892
0.0177138260054
-0.302577273547
-0.111822439894
0.459061325839
0.214390880659
-0.135813295275
-0.242803585816
0.0702230720792
0.489370715213
-0.126267380498
-0.190727498813
0.491459991682
-0.0794017755912
-0.0452818877794
-0.0343915815807
-0.477416239754
-0.418440142678
0.164535040862
-0.285211269277
-0.0398433456577
-0.213283337481
0.472650019862
-0.00760893522241
0.0688902436229
-0.253258048169
-0.227375057772
-0.460568968469
-0.496983442844
0.429437559992
0.433651194528
0.356413661944
0.381668785084
0.394278586029
-0.0934716898385
-0.241555611292
-0.425440205705
-0.151549003606
-0.313519499451
-0.313093604836
-0.265106972626
-0.320225279306
0.0427332758942
0.0704159222835
0.200743674272
-0.238761748672
-0.289013788498
0.488208480111
-0.113372958898
0.194255046238
0.170071684054
-0.330776098605
0.0927665200555
0.49671174194
-0.103336175971
0.402802639455
-0.396797105344
-0.409455013539
0.282551909605
0.0264410466572
-0.484595998797
0.486903703699
-0.00097329178089
-0.0619258309034
0.108870173725
0.064210429289
0.0407895411986
0.0554499983281
0.326194405651
0.0818111172632
-0.407605675934
-0.0442633187664
0.0765869310413
-0.281013722081
0.24144961543
-0.162857514366
0.308140419237
-0.119366908497
-0.186170851059
0.472897392392
0.107497054754
0.425334645612
0.249629341414
-0.127372983316
0.179592889621
-0.0595006030685
-0.370309532001
-0.288952126078
-0.458333359865
0.218636480967
-0.323940330591
0.442388475764
0.366354572008
0.374403482715
0.358154121835
-0.27883224272
0.345561304638
0.4529356346
-0.120283546227
-0.434016844173
-0.14240087978
0.484851145076
0.323925804298
-0.0197298025775
-0.11736694734
0.0124014657934
0.301547030418
-0.490786899649
0.323426958965
0.466265888118
0.463599143552
-0.275781564162
-0.133355268826
0.388745415924
0.300984860042
-0.276523814452
-0.0359798372287
0.153603395668
-0.347578757308
-0.437679617618
-0.414914747655
-0.166735208867
0.33062183584
0.468915700756
0.325944924846
-0.347687043144
-0.375349636854
-0.14709339707
-0.0704281290743
0.291935759347
0.267377734326
0.219259903092
0.437088473426
-0.279032053835
0.0809432681964
0.405422459579
-0.14182260335
-0.217059205055
0.459490158978
-0.425627729183
-0.179771473195
0.274677162384
0.00679204677626
-0.220578325264
0.415512795452
-0.144540746438
-0.284656109742
-0.0902768952654
-0.392836843716
-0.238741649771
-0.316404368499
0.100811187807
0.150697926415
0.287015406533
-0.269622637014
0.353107001304
-0.1708655364
-0.332535653355
0.149818247396
-0.0507669795171
0.292098595083
-0.196191338881
-0.266317953623
-0.27823633313
-0.204176411772
0.45796438506
0.19255125054
-0.381681419413
0.433826432463
0.355164208636
0.127407215117
0.424520216708
-0.120471228641
-0.486512893857
0.164726340125
-0.0992889500605
-0.358242295718
-0.158197130563
0.207696412295
-0.373868273317
0.330862038753
0.498584399913
0.429108534764
-0.445797915483
0.197069524888
-0.367545199148
-0.385898529462
-0.349105513172
0.0155725756667
0.0958676257535
0.0122944177939
0.32137975897
0.0698806343569
-0.363800145204
-0.488340304417
0.293446213456
-0.205637637139
-0.227200565372
0.482726417244
0.488455331517
0.486705319037
-0.420223315549
-0.171333876537
-0.263781011566
0.29787942712
-0.00142765820562
-0.234599652432
-0.0504954387579
-0.100963972537
-0.120344549553
0.148552084609
0.366512179331
-0.263581199629
0.203605334049
-0.215056667541
0.341140978731
-0.240027735071
0.328108829522
-0.496107961551
0.0209639580116
0.318326783541
-0.364305595718
-0.0903888200694
0.449211312411
-0.259473796139
-0.45051411321
0.32527605893
-0.0368134202088
0.483307831637
-0.286781418656
0.417267437241
0.060487561137
0.416336796938
0.0962578753765
-0.0598723964636
-0.333599354488
0.177097415466
0.241962612853
-0.340609005961
0.448442002704
-0.0476135872158
-0.481660633176
0.0693149224045
0.378142714681
0.23174141741
-0.100333024698
0.35842690493
-0.260585552658
-0.455049010812
-0.496733387332
-0.27749041627
-0.268383073405
-0.258753908987
0.0627204837342
0.240302159359
0.277770901894
0.0789726600825
-0.149977276383
0.428081130304
-0.0617946642887
0.244253115772
-0.0151488578202
0.193112731761
0.461911471159
0.227524481032
-0.442643169556
-0.249520028623
0.034644427256
0.223858540961
0.394816971132
0.043252199388
0.44437299759
-0.131706013047
-0.427483706554
-0.188519184844
0.225219932168
-0.248432027173
-0.132948525417
0.099840243858
-0.295647787878
0.158927577039
0.11151517936
0.26756176661
0.481567166936
-0.314259215898
-0.483563634288
-0.325858359034
0.420703160243
0.193114401356
-0.0172532151934
-0.148740594186
-0.377391863795
0.103140981931
0.461579835297
0.134798174374
-0.18938347629
-0.4763963938
0.165926304816
-0.458997589955
0.481660831534
-0.481697759286
0.480700685653
-0.493811562033
-0.495061006987
-0.497075142401
0.25615917409
-0.479078460639
0.355866838948
-0.0304542796247
-0.413458451472
-0.451674559953
-0.361758427544
0.0362306263223
0.172094675371
-0.28225772294
0.345461911919
-0.305242079216
0.0990144461837
0.491420358603
-0.123481548618
0.162027930009
-0.468564224916
-0.304771092482
-0.269284803719
-0.322737136415
0.4121382268
-0.0506345455829
0.146363944717
0.452111732088
-0.000843509365099
-0.28008831982
-0.170326887571
-0.351343197896
0.230464085126
0.205382837552
-0.130949465372
0.0761849290971
-0.390067661923
-0.0593633239143
0.251810573903
0.312530564848
-0.372957383615
0.0941018682115
-0.149443938836
-0.468682369338
0.159403367072
0.110638475857
-0.452228780372
-0.419703288167
-0.416053378779
0.235258423892
-0.19424035158
-0.23160827319
0.203726892771
0.0481231574633
-0.421988196049
0.459752007083
0.250008268192
-0.333020715292
-0.284619887323
0.169556741008
-0.207278266897
0.0670849143761
0.00566314511736
-0.417113874529
-0.416039285169
0.262600556288
-0.410904665531
0.157288528657
0.465761479357
-0.404724629619
-0.0637928912782
0.32320050137
0.379173392201
-0.266415571121
0.424747776759
0.179201140034
0.412955214395
-0.465452091758
-0.362436455596
0.355421821666
0.205852946546
-0.166652905983
-0.0783001609978
-0.0627578641703
-0.0141683254469
-0.387885812288
0.031945309747
-0.475793355504
-0.0107704172107
0.353059576901
0.455797182761
-0.0738388704607
-0.484284711765
0.168176363955
-0.0345550004785
-0.0802286872296
-0.030210382786
0.333369632222
0.387043359212
-0.378675304213
0.4142797598
0.384582101432
0.31830569465
-0.231024689657
0.345086195622
0.350405654539
0.473803795515
-0.182851133334
-0.0469408826629
0.169366852093
-0.2385334712
-0.312449255316
0.00432106424803
-0.219496454903
-0.35739059341
-0.455587183256
-0.299749139913
-0.0351844248758
-0.0918592319219
-0.111298277931
-0.491971744152
0.0158012262341
-0.0694340447296
-0.399881052412
0.400855248067
0.040638625184
-0.341009316131
0.162833705552
-0.419681672737
0.0357502264857
0.328841397825
-0.497517769758
-0.313738963577
0.289337110432
-0.198358015108
-0.190456153929
0.484252810933
-0.0625729396394
0.392027937734
-0.0255407923468
0.216765826618
-0.349143101437
0.105223524209
0.386462904603
-0.0361079004774
-0.208113858424
-0.21918290338
-0.434342484214
0.484254788983
0.184957385143
0.033397175405
0.0637495369735
-0.00558511650431
0.177466422074
-0.0432870194594
0.469329597342
0.0337274774997
0.212159280928
0.334398567982
-0.445936143357
-0.0873827241873
0.12499278612
-0.261166269646
-0.340470673543
-0.322490353012
-0.126678851718
-0.172109256723
-0.0698778289108
0.0216297195207
-0.157991771911
-0.356344690772
-0.369579933709
0.441604511676
0.285842866477
0.300701083063
-0.0284698343178
-0.441319084605
0.169934948867
0.0809831616201
0.309463853998
0.301734220787
0.327689282035
0.234772358528
-0.0575408860139
0.0990653618928
0.00922455821048
-0.376711399502
-0.415562280981
0.423239082889
-0.250444887052
-0.375705065929
0.35885491113
-0.259338443839
-0.178131820791
0.382279631163
-0.453105360347
0.197774093548
-0.298290030632
-0.32200286484
0.362627270835
-0.0610669394021
-0.256348322765
-0.179965503451
0.168015169272
-0.467956327051
0.445164347439
0.1458147899
-0.148042365973
0.052669079718
0.154492573208
0.0820936431482
0.00231839533866
-0.332634919144
0.465088200238
0.0972174125401
0.22265102669
0.263230408728
0.226927039493
0.0108922485271
0.354229060405
0.0923032336332
0.466054792359
0.337297921104
-0.0859970504359
0.120657831557
-0.376107514205
0.16849153929
-0.141306016672
0.0986371214711
0.283487385115
0.246721921574
-0.283377384396
0.450371830062
0.32898504904
0.383481241875
0.194726834961
0.100847198092
0.0482887375982
-0.0456199281706
-0.0280178126266
0.341727624941
-0.4239758072
-0.00526427967228
-0.201947425675
0.31318682091
0.128795486604
0.210402613121
0.348748305117
0.443420925883
0.414282467054
0.0784444403217
0.248512608301
-0.168997379875
0.109497897238
0.166124166089
-0.101860707101
-0.471249041505
0.0773018188145
0.424301216415
0.0956950653691
-0.47343670267
-0.0507078955363
0.0362619657055
0.272749510007
0.0428635005467
0.477222887707
-0.33727490645
0.108760926612
-0.137425896306
-0.118242850822
0.446450597865
0.170820994682
-0.09446258046
-0.0125943769578
0.439563000205
0.441416174853
-0.17122470208
-0.24271602155
0.225337731815
-0.495364554155
0.378268233213
-0.250788789562
-0.126557772066
-0.0428581726947
-0.365980527729
0.20677943709
0.301273396914
-0.0334794101368
-0.446770193566
0.477007002407
0.42489676628
-0.42057976629
-0.474182995194
-0.21445232524
-0.317332870102
-0.445210956798
0.463793961223
-0.137019718448
0.379358260582
0.100568657362
0.476315494943
0.0327458576803
-0.309750489574
-0.433944198884
0.318104871378
-0.490362527184
0.0560938390802
-0.270298614028
-0.344139652581
-0.212069337749
-0.24450434104
0.352990940683
-0.234597215666
0.0686168805389
0.287651193666
0.438075926044
-0.453383935275
0.156131325988
0.328468551957
0.0748638515887
-0.423820125921
0.161762419473
0.159406732344
-0.354094984238
0.2190933088
-0.353834733782
-0.0498014573465
0.490057677888
0.0916965271258
0.337715306938
-0.27955993249
0.24318482982
0.253003853769
-0.0587882198537
-0.1446166079
0.228448448775
0.462779064735
-0.333389925161
-0.204147190172
-0.261224974067
0.190808339993
-0.259222254071
-0.162139431889
-0.262368280922
0.427698462169
0.108482781294
0.219020314507
-0.358430053247
-0.0650014694775
0.454813531383
-0.492209046628
-0.0756853082382
0.353831689267
-0.408612498444
-0.370497099013
0.430885673911
0.130591827233
0.140375554555
0.0335662882253
-0.278177327869
-0.0352667076232
-0.158418399678
-0.0804828200156
0.163740122676
-0.25442348602
0.299996991065
0.220797762484
-0.167499633016
-0.469993072506
-0.27109722971
0.448090214314
0.205428067015
0.100693106284
0.301423846818
0.301062037167
0.175924742506
-0.210387126928
-0.26194339958
0.421883128735
-0.355430148086
0.454946866572
-0.434816704131
0.270002183183
0.0781352856746
0.142656266522
0.439155598696
0.337965629521
-0.21940872243
-0.174667906865
0.23847158142
-0.255460108314
0.243550096052
0.203686145106
-0.135835308869
-0.103414512395
-0.309132090376
0.265930594058
-0.458221456248
-0.092377362036
-0.494319724737
-0.258215653205
0.104092971491
-0.40104923265
0.403838757056
-0.482745170948
0.459874742124
-0.0509293228771
-0.391060379915
0.181171119688
-0.433720694982
-0.120893327107
-0.159708433581
-0.313542078434
-0.368445139777
-0.45103929364
0.216931399417
0.309266763817
0.0727456127251
-0.00607721289809
-0.456390379779
0.377435581195
0.254299798504
-0.0620503382031
0.478688807299
0.286454129787
0.489928543024
-0.445204213199
-0.0897440785883
-0.223549911354
-0.240556100737
-0.217583738571
0.229197948905
-0.216508375001
0.0476509271545
-0.352353525045
0.00673686261645
-0.265832833205
-0.283389656248
0.405969840261
-0.434267717069
-0.273574920044
0.31324981966
0.21850479595
-0.340937005726
0.257871325827
0.195306904584
0.281953405545
-0.278606817308
-0.432084853944
0.349222505099
-0.11001538741
0.489959705317
0.378585292224
-0.1610834742
-0.224262034477
0.0375952981181
-0.200402600033
0.158078961397
0.301011737904
0.206736403594
0.181023241908
0.17856676214
-0.309659289108
-0.48434163273
-0.401916281219
0.0401648667737
0.0296931208872
0.00570555146154
-0.26629778483
0.389851627657
0.108940190027
0.40341428466
-0.309947258116
-0.180675512697
0.22552283895
0.30462879242
0.355467159775
0.112991019447
-0.415433164573
0.252194727347
-0.282590161326
-0.128931173306
-0.239691917259
0.232433653489
0.252878710766
0.48553775858
-0.165374099608
0.279607848747
0.169940053218
0.0165925754659
0.00641144320636
-0.370006695054
0.0684241024712
0.148505757857
-0.15738497446
0.205294116154
-0.471569261116
-0.450999504461
-0.363977697447
0.177447175188
-0.284108298994
-0.256223833193
0.127975288952
-0.100692201667
0.0119470615258
0.0872595315491
0.092113008685
-0.284428785785
-0.0784964101535
0.419648952908
0.338393802508
0.388767652009
-0.0704504605781
-0.330867490583
0.118129331725
-0.47346768666
-0.491674692622
0.401631890879
-0.411157180071
0.036354410586
-0.0537750440077
0.32728929336
0.0941499231563
-0.224253435886
0.314920816473
-0.285449372447
-0.341800286306
-0.299722470487
-0.138015955035
-0.279318372729
-0.0381418271262
-0.0228389083325
0.0960327533554
0.392708129646
0.293253140191
-0.0857164517002
0.261768016589
-0.142103143247
0.296781798859
-0.405756724541
-0.343715389516
0.438895327922
-0.0466970969329
0.425705988998
-0.215444806644
0.142118770698
-0.390892743929
-0.393737035719
0.185212227371
-0.206125369583
0.0995481249666
-0.267009503777
0.335771977554
0.0690092486281
0.0937942024353
-0.0829046427876
0.101517555213
-0.440104222191
-0.161466240794
-0.431729557974
0.155399469699
0.195732902525
0.458858329894
-0.238350708805
0.474738410771
0.229668998764
0.0899377121178
0.271196534707
0.32224695245
-0.359796728476
0.218013152487
-0.251478794818
0.248338063534
-0.27769334232
-0.229290894855
-0.396079884962
0.437093812251
-0.355514918043
0.358848395969
-0.463057710402
0.0952208700124
-0.27287517707
0.349904535984
0.339843096591
0.300782596827
-0.0922622037988
0.326408037543
0.314282153255
0.413144348048
-0.0150377624113
0.319453017799
-0.475769370439
0.117892680137
-0.233829482392
-0.354567895666
-0.000629407321367
-0.207625375428
-0.114201982023
0.262608100829
-0.47038718609
-0.0842714803942
-0.193277411189
-0.177107437101
0.412177611025
-0.37235824687
-0.236742971845
0.260014065967
-0.362891990354
-0.1842017075
0.386819571974
-0.253282098696
0.181686743001
-0.448467394189
0.209112422498
-0.0926274421122
-0.392022150089
0.28204952656
0.153377082825
0.132349485585
-0.162312409856
-0.258870340195
-0.365728250763
-0.258214580614
-0.152363844929
0.374330602846
0.27931570301
-0.0605638891661
0.302471269579
-0.0649203815435
-0.464053951105
0.277265921693
0.0389027764462
0.422012573075
-0.223053971533
0.480149419921
0.201177793865
-0.429541858381
0.424656098223
0.337505688336
-0.0846720014901
0.270349239088
0.138255353479
0.106189384379
0.4771506718
0.303051194702
0.327575913918
-0.285154466248
-0.499422234288
0.0443790672538
-0.125237968264
0.156507745279
-0.133768779705
-0.21959587286
-0.463744359669
-0.17359511436
0.336207682953
-0.36584369662
0.379799250926
0.489945364975
0.0946375779641
-0.310214214286
0.187320085986
-0.00970971140893
-0.0938514038027
-0.0244090681714
-0.068414914897
0.231178267284
0.337324512436
-0.0227524223344
0.172146943513
0.225886102318
0.24447551365
0.412015693206
0.0534291363532
-0.0323413029252
-0.211370363492
-0.241429558506
-0.299851634373
-0.203185217296
0.0778095198961
-0.49779643679
0.273043026959
0.398743604611
-0.473395433965
-0.197858228488
0.3557071426
-0.469543378577
-0.122467115461
0.383502704884
0.346877072211
-0.227739238642
0.20154885598
0.26752141367
0.225085578274
0.363013654736
-0.0519087817823
0.0301944762071
-0.0879757054341
-0.38133087733
0.205852503328
-0.0808989270113
0.179906249811
0.417382182963
-0.318764904668
-0.426508814592
-0.138037049995
-0.36490736343
-0.247579466937
-0.463905548564
0.396680009786
-0.143898868695
-0.285547933376
0.226099474074
-0.169139637535
-0.293339745972
0.136681650279
0.0975164205127
-0.440763667281
-0.359002557347
-0.246642475428
-0.274105122618
0.0192403778105
-0.234828235388
0.255814432917
0.309872686846
-0.448532066604
-0.184190281211
0.155803241523
0.457285303949
0.2461988147
-0.415745185761
0.0657441759177
0.0640689323627
0.0877107651295
-0.0445343693273
-0.0120822800044
-0.467217916074
0.19819091043
0.487711426029
0.0357918512313
0.25248246288
0.344903570919
0.266587513746
-0.301538493284
0.190401646997
-0.36209762716
0.415040856307
-0.41934796108
0.109644474652
0.00421225089138
0.239191239265
-0.225101806405
-0.0650333801055
-0.326893948767
0.355273307269
-0.0525204197245
-0.381851618915
-0.146952126144
0.330444962579
0.118171691191
0.0996290694866
0.163148114742
-0.287395480561
0.111564766655
-0.00665114903871
0.43298772602
0.0525005261707
0.488710397887
0.290278303201
0.124350203126
0.129947402506
0.0546945630659
-0.00961544953967
0.018336566312
0.363156298228
0.249972235824
-0.219970383045
0.0906485417788
0.416390508049
-0.29836122227
-0.438381415366
0.482065231962
-0.339323631644
0.403295414849
0.07715993993
0.101201736997
-0.320888225395
-0.435784739456
0.49137027417
-0.394002215413
0.454175028217
-0.0764240391022
-0.0686142652108
0.101074292032
0.0111610249151
-0.00548137281744
-0.489701734498
-0.0407918790489
0.115442415917
0.293372361553
-0.0645143143566
0.252035119314
0.440939095639
0.19035213066
-0.0277190330839
0.319697932274
0.400287603528
0.345320376284
-0.453096037866
-0.199805028486
-0.26204862661
0.292756418398
-0.287868873158
0.335569360105
0.232947362884
0.261938783771
-0.24631435402
-0.205870094478
0.394337312037
-0.360174303536
0.282896546047
0.0495714957229
0.115084368423
0.378362587833
0.490309056581
-0.401281423273
-0.448295702494
0.297459331819
-0.173182271099
-0.266440049764
0.416192266278
-0.393130902781
0.224644081576
-0.227703966048
-0.479209951591
0.281612951394
0.328588093901
0.237522287431
-0.207540689533
0.467918806273
-0.238899366931
0.335351507278
-0.430781250366
-0.0689887751459
0.0494460395167
0.390319058763
-0.0182003806947
0.197336015322
0.38409540519
0.446416150658
0.151925446977
0.210046795494
-0.226037645903
-0.0840850864795
0.350009255242
-0.176591915657
-0.391695070545
-0.242516865454
-0.0567236217318
-0.0233133877413
0.401866789838
-0.441048743732
-0.29687976343
0.0624915047142
0.0664829232595
0.397248689138
-0.142212302103
0.0125738401803
-0.484566927144
-0.216957499839
0.407253220785
-0.284717770438
0.477898357437
0.373868696632
0.213253736648
0.17901654877
0.193055480906
0.16516409091
0.398040460971
0.358233869749
0.326022920313
0.14234128799
-0.327952357205
0.321285328675
0.324412501188
0.356468817458
-0.263238704845
0.146906213724
-0.199042647462
-0.0104645112836
0.479519308928
-0.319230711032
0.0602889241946
-0.298688009062
0.371392201715
-0.161946434563
-0.227735645315
0.356996889886
-0.231193657513
0.0113435264846
-0.0422220012927
0.230842219826
0.108488720983
-0.488591388469
0.223481993876
0.0821811990049
-0.29299164633
-0.319008695696
0.293960352059
0.340272104214
-0.336808304015
0.451722646054
-0.0903986233316
-0.219271902758
-0.210608570219
0.0744414012051
-0.408416768273
0.44645727746
0.130174345996
0.225057235484
-0.164362564987
0.224461652294
-0.175900173002
0.340465066432
-0.113037266916
-0.042761327502
-0.445692974581
0.0754973474395
-0.145923561978
-0.103288528007
0.470675459126
0.466475370574
-0.498138625367
0.239346113761
-0.456046122278
-0.281735071521
0.0264682917779
0.298362395701
0.00175220066738
-0.339262994928
0.196799995594
0.396713016135
-0.394506144298
0.0442297592852
-0.0941995637858
0.198790022375
0.315027352316
0.0358661604045
0.209833410679
-0.00035384654439
-0.401970560734
-0.0945015640507
-0.422383726207
0.0573765343865
0.264941444239
0.341560456407
0.0356389077461
0.163579139333
0.358214619696
0.170431509593
-0.0187508140165
0.0130125852737
-0.0965309275291
0.0107491407103
0.0708848127624
-0.150466458454
-0.250036429073
0.000416069120049
-0.316290452315
-0.201831225645
-0.00713902950108
-0.361713278187
0.257099314083
0.0469892024059
0.32560538549
-0.282151436654
0.303807181922
-0.319121055734
0.384371478252
-0.351579140117
-0.160391018664
-0.289048591475
0.200194315941
-0.10992635667
0.422860343582
0.417791139345
-0.0864259940765
-0.191967986957
-0.260107826417
-0.294664326492
-0.182249597584
-0.0572905033255
-0.203442185907
-0.18412398782
0.159731823259
0.303794747074
0.294208194203
-0.324709572564
-0.252509801232
-0.353567765501
-0.0573842990437
-0.2620989692
-0.0620926083382
-0.389780196448
-0.173946826346
-0.316107277196
0.495286088574
-0.041489097454
-0.393730668116
0.375412664493
0.00322241049985
0.233275087
0.423584390287
0.000349452050777
-0.0205918952399
-0.18760770068
0.283259780245
0.470729759502
0.193098813514
-0.138556464273
-0.452005792933
0.408201164801
-0.145728559577
0.45547779915
0.231380447063
-0.125817135146
-0.281791766464
0.372877178961
-0.350274692994
0.149332174486
0.246219115099
-0.0535409875838
-0.145355992835
0.0388853760899
-0.485892338266
-0.317950417499
-0.250732520039
-0.305381562694
-0.449133471643
-0.178508885712
0.150067649505
-0.467941707622
0.426172353089
0.35788527101
0.35658739747
0.27265628115
0.0115696907095
-0.275290010529
0.21563783887
0.0438792198672
-0.204116143614
-0.367323925722
-0.0988626448801
0.230897275977
0.126547054254
0.135300312582
0.135728154836
0.350476904561
0.39749209987
0.414841110719
0.349375892724
-0.204672078825
-0.308577213523
0.306147476886
-0.453041190181
-0.285305862428
0.0605633960707
0.113471951114
0.324777740212
0.217108880007
-0.395319220863
0.355085319183
-0.134415130653
0.291181535986
0.0120952270212
-0.0107531545923
0.369412812504
0.0308860709221
0.164429571694
0.285916116837
-0.465761774735
-0.179567492899
-0.173410005114
-0.338673326859
-0.298037486647
0.000620623794663
-0.0717372538185
-0.376533453487
0.39746954282
-0.435076381667
-0.227479400215
-0.433822372683
0.118904456341
-0.411009947269
-0.132813074381
-0.116193690941
-0.21792994073
-0.0438768586654
0.357078570758
-0.144236712567
-0.0545914573742
-0.0361453517232
0.284025505218
-0.423391167783
-0.115248550123
0.18193827384
-0.146747837222
0.411317131474
-0.373796997031
-0.463373266954
-0.280617412685
0.21231807082
0.239377626454
-0.412908142305
-0.346927399989
0.249243088034
0.0993083362481
0.0455349028444
0.497998447549
0.0892262887523
0.0703393082316
-0.405564257097
-0.135243415899
-0.415407013303
-0.444560924462
-0.290972402376
-0.415698527465
-0.216109714092
-0.0097821206331
-0.2360044319
0.0794209697229
0.434305523396
-0.380639823442
0.481097371579
0.0268229485581
-0.391785563685
-0.31368716422
0.19368679122
-0.273936239344
0.0192246389437
0.419269034834
-0.170389976167
-0.329185135213
-0.210104793513
0.136769025713
-0.468858530026
-0.23175462968
-0.310010440542
0.10220706433
-0.31036311365
-0.0666732635332
-0.283157002261
0.183705014275
-0.328639460305
-0.413361292135
0.392419172295
0.234384751471
0.351861379527
0.427755889277
0.30540472679
-0.486972917618
0.107583891929
-0.197887467927
0.26593602784
0.273574013153
-0.443030032371
0.42715353581
-0.0888901483789
-0.0446173252999
0.33732631028
0.0661115594568
0.242328457813
0.062563471895
0.30263584103
0.0283789419274
-0.402740101852
-0.205395726688
0.425620075753
-0.190333402895
0.0873886115918
0.371423887558
0.129168623052
-0.242367319148
0.373061687375
0.289352058842
-0.386085551901
-0.382266657219
0.226304964993
0.425292790812
0.244930909093
-0.263731868324
-0.405826137652
-0.179263647154
-0.130330824423
0.225396481373
0.494971618485
-0.0512923427766
0.220707662526
0.431981224068
0.207178076408
-0.180584179294
-0.109525618123
0.408635596313
-0.428803761152
-0.0966355165226
0.375135884464
-0.323611461085
-0.401286685225
0.26756923441
-0.233572576319
0.309121871502
0.113605190929
-0.1066591295
-0.205676584989
-0.288076814747
0.420478402806
-0.0212697153466
0.342982073602
-0.095003774286
-0.458268796346
0.00496448850181
-0.356650875997
0.396241598453
0.354160129705
-0.0994515461197
-0.286420961042
0.487592967971
0.364310952585
-0.38795198474
0.37841447606
0.488998951582
-0.0155030268252
-0.0896929407876
-0.231821074503
0.0852205979858
0.282708687699
0.0739066024246
-0.452310415698
0.475074332373
-0.106286035117
0.302727291761
0.0939399847846
-0.147696906813
0.045711696481
-0.384796414344
0.223358827426
0.422005338379
-0.199106928741
0.423176194216
-0.189748417494
-0.327103810224
0.388049721297
-0.236427033051
-0.0421638382723
-0.336091839654
0.324876479971
-0.21365481713
-0.22490998518
0.162301066914
-0.0892246010102
0.24522232747
-0.183705617871
-0.392396461397
0.294107871338
0.0560687321283
-0.484381541713
0.288180214668
-0.15815996261
-0.0743794170858
0.25584342218
-0.354925502195
0.458471001753
0.424588808717
0.0161493072305
-0.274831851023
0.247668026799
-0.446970833309
-0.303619177334
-0.412761966755
0.155952961268
-0.188746723628
0.424071015109
-0.286919777049
-0.0102605715395
0.035676171585
0.080035132038
-0.491878787707
-0.345834846351
0.385112713612
-0.192678643939
0.138729827588
0.320895577787
-0.107810234236
-0.16292804769
0.161026364508
-0.427903146702
0.352132217539
-0.499506429213
0.0271745576688
0.0492275774627
-0.4856474808
0.00185237805675
-0.347502342644
-0.0815854802028
-0.260791582675
-0.290536636647
0.335620124449
-0.135630295409
-0.117620459906
0.400754174882
0.0265265326403
9.84107867347e-05
-0.153913460618
-0.0382192881262
-0.319660370918
0.260877496879
0.345000838818
0.494935006074
0.402567129942
-0.418848420816
0.419551211876
-0.429130794901
-0.49827388873
-0.0978865670771
0.221329174333
-0.325809087682
0.105708315792
0.189581783285
0.136630312071
0.101725675171
-0.0944552427703
-0.115756179095
-0.403182949341
0.260223964622
-0.407498226241
0.123544314375
-0.138560117585
-0.314666024491
0.24829635395
0.190206914642
-0.0173001328502
0.0449237921307
0.0707931220055
-0.109796348274
0.31786147331
0.133496350394
-0.460412242021
0.0645093790728
0.362370472386
0.228163293916
-0.353522741634
0.44020860461
0.493783273963
-0.426830337516
-0.0982677245949
-0.483779263507
-0.190908002597
0.496936080974
-0.0660052902152
-0.46030138376
0.24989820114
-0.122488520924
0.205680393738
0.038489311653
-0.350098131089
0.10832086558
0.392409036472
-0.467253362499
-0.293583560728
0.167659511232
0.0742913684994
0.0923675857387
0.237890086195
0.098163010548
-0.48860915662
-0.0549786305627
0.448194366172
-0.121595890416
0.432284307614
0.458808219311
-0.21999615024
-0.201226283109
-0.055203688059
0.191740852163
-0.399190193661
0.0507772624457
-0.471404174309
0.156697080778
-0.442478218323
0.466827204028
0.0825486011524
-0.0235880823645
0.334998871022
0.43221261532
-0.409649916996
-0.0974844281967
-0.467574276482
-0.230763977156
-0.177171917527
0.0157684325342
0.237174859581
0.113398468214
-0.0457273880155
-0.301789612997
-0.039590794
0.00244721658871
-0.418290918597
-0.197842362946
-0.0597331303327
0.302133387072
-0.273249375381
0.285361493532
-0.499216202843
-0.134862677266
-0.416752124036
0.252715433623
0.459183349913
0.115077666033
-0.481526092788
-0.250911860851
-0.436030169905
-0.046664113224
0.176180310871
0.496869774492
0.392356984523
0.333440571202
-0.201109040815
0.0416845514148
0.0518489441466
0.477116624879
-0.069125225318
0.0138804437363
0.180635207115
-0.0874776016407
0.247111537018
0.375117551828
-0.19378327466
-0.134438550374
-0.109744558862
-0.0385814748707
-0.440990372313
-0.0169713614667
-0.392309152399
0.291742303769
-0.00267066557405
-0.431491601675
-0.0186434859584
-0.0145106474467
0.0779509077666
0.0568508049579
0.423892289816
-0.176192046053
-0.37359004778
0.172872022134
-0.316331705453
0.237648705541
-0.025849846807
-0.343258407401
-0.20152154591
0.49960365753
-0.31218581408
0.187174180595
0.196653748716
-0.216918991844
0.421804909481
-0.0727902917751
0.226187745266
-0.0309296517584
-0.0599367899805
-0.475206929169
0.23542718008
0.143028826823
-0.381371137338
-0.421694254128
0.279876872547
0.155485022602
0.0525860084413
0.146393562625
-0.0997705022433
0.367730103894
-0.154547797713
-0.091659518478
0.128304653617
0.139372298653
-0.225073936233
-0.4847442286
-0.00910949368645
-0.492804810896
-0.00552886652447
-0.216268558079
0.482035484455
0.245937797082
0.16477021821
0.245549386987
-0.32854937673
0.404184438927
0.420567725727
0.464177522681
-0.271690874649
0.0824285209621
-0.465771807431
-0.085190403958
-0.385569187181
-0.289003423591
-0.33868357438
-0.038418161599
0.400587737857
0.206430116865
0.46071368534
-0.0455449830718
-0.200604201039
0.287753329338
0.262344225057
0.29773661779
-0.100057568045
0.41816566944
-0.0334687097291
0.311975701097
-0.236213914398
0.0393971804626
-0.15154857762
-0.0320138508188
0.207512214457
0.00600784002117
-0.0992126149273
0.158230374518
-0.128633258705
0.343225634423
0.384629199015
0.489807014925
0.160286865954
0.380097107723
-0.462746842352
-0.0542087252626
0.138869170726
0.150771165037
0.0095741386222
0.219635820491
-0.0544710297469
-0.36511835879
-0.171694638936
0.387280766324
-0.472341036661
-0.363153759735
0.277317494786
0.341982492115
-0.312538424384
0.147626054261
0.179381977179
-0.383647345114
0.480082418651
-0.187899244259
-0.369797108738
0.28349955143
-0.283707258279
-0.059120186799
0.178041290585
0.465214555678
-0.0335536119132
0.303731240812
-0.322031012
0.486731978055
-0.109250724055
-0.290433912945
-0.14586680997
-0.314501230548
0.256115034464
-0.333259188986
0.176145009514
-0.395360897664
0.0831708043372
-0.289885803279
-0.238459431167
0.0223292057673
0.0558218856343
-0.0329386797481
-0.105635682052
-0.229144738253
-0.12685984496
-0.464216232829
0.407701407661
0.49712334906
0.199492393112
0.136319201102
0.124387549768
0.313839676973
0.178888008957
-0.132467335073
-0.354778191612
0.123765636235
-0.41641974057
0.464441582737
0.0191735924776
-0.305480633215
0.332142496977
-0.327045740563
-0.22920852188
-0.323362940497
0.309181849908
0.313863260815
-0.300746811983
0.0572546450655
-0.0823771300836
-0.0184968954452
-0.310409938691
0.156522247784
-0.0384635992412
0.374253664145
0.396970686678
-0.481269050068
-0.472242808715
-0.323267993984
-0.270989776741
0.428397479423
-0.0353522741097
-0.131543173863
-0.486605149533
0.281893240787
-0.476357693528
0.249487424214
0.0434309432555
0.157863053936
0.0548598581664
-0.452707551462
-0.167694985765
-0.31394584246
0.00398876376869
0.151506936071
-0.267289184737
-0.160729132947
0.387245160958
-0.13210104283
0.181709287973
-0.10539757533
-0.367408750803
-0.224510145982
-0.413345245337
0.438711832033
-0.22265645906
-0.121671180975
0.305193273438
0.467643709305
-0.148910559228
0.378540852284
0.0721181729847
0.0286557957644
-0.309522347729
-0.390393487018
0.192511527926
-0.195152158291
-0.112174363941
-0.111805311336
0.161876130621
-0.0449218001048
0.277840138479
-0.420468726965
0.263570101141
0.440693579732
-0.383560915607
-0.207373549445
0.468140912813
-0.309170477732
-0.452686043128
-0.0534961819951
-0.24984611591
0.0263444152078
-0.000800738541385
-0.126155454833
0.470821873812
0.100075231388
-0.0210493531766
-0.0198418302553
0.492088647182
0.153950188572
-0.242654894351
0.442958348908
0.244133289076
-0.134307382121
0.0784477782891
-0.476822922126
-0.194273387834
0.215489597512
-0.0170496672501
-0.101237360018
-0.0833238889355
0.456144689269
-0.332350403513
-0.273902491
0.472137356199
-0.324206516183
0.31792992358
-0.013280462148
0.489938788888
-0.431303418976
0.379503968727
0.206232706761
-0.142552561658
-0.350758923339
0.408478574955
-0.270709667368
0.0850788324221
-0.133706946911
0.013743564377
-0.0132598271137
-0.486944494295
-0.141094860579
-0.0331952514753
-0.413067678509
0.240418676975
0.0950416000137
0.412034741883
-0.476182198987
-0.27834381088
-0.347676925535
0.00241071229947
0.476511773754
0.348868951202
-0.296993375088
0.326985456043
-0.190415268255
-0.0657820800183
-0.2025394643
-0.154245902389
-0.184440626329
-0.278039334289
0.270685902186
-0.177882058108
0.0904165885861
-0.401758843642
-0.0987566804181
-0.39728856106
-0.465340739346
-0.180985937136
0.390407273066
-0.415318351114
-0.159618148435
0.0154715406728
0.28207228832
0.051058182887
0.221046013437
-0.141700141238
0.265448748286
0.195283427231
-0.0704925354454
0.0820470790333
-0.269174852094
-0.448776567836
0.0570515332416
0.477289496449
-0.135055316463
0.290805123363
-0.279466360763
-0.170979373829
0.221988195357
0.00786233337853
0.469838359551
-0.150051101785
-0.233096636911
-0.477903953044
0.480309630669
-0.224976561625
-0.256137595985
-0.275849659763
-0.331205756507
0.0108544996945
-0.0572378818218
0.19337522704
-0.357653737497
0.11994929787
0.41918005414
0.279730915143
-0.443786694829
0.141555400615
0.356990274468
-0.0131112018251
0.299731218402
-0.195894842626
0.0480842664402
-0.0345002156417
0.336015993236
0.26726568122
-0.00648897579319
0.460382378991
-0.00588963715338
-0.347376130076
0.0822125674282
0.0572023838153
-0.210207142031
0.431953537387
0.358114874881
-0.255660307417
0.13247287037
-0.213568218149
0.421522413305
-0.186956469284
0.00393479667975
-0.0577492161325
-0.0715189556897
-0.0604082516507
-0.326936742039
-0.19926485178
0.136631277228
0.350813562278
0.1690686043
-0.284128200052
-0.358088913026
0.443291029151
-0.486322817327
0.48650359259
-0.127824072459
-0.14688596551
-0.0804170069067
-0.198970150343
-0.195802252531
-0.120389047949
-0.493592734403
-0.288119302869
0.176006614734
-0.354044510697
0.310134420495
-0.328918294454
0.242292381393
-0.309432292688
0.340705159601
0.323038437468
-0.254887655635
0.347392707165
0.25126405301
-0.124344035949
0.324949262691
0.384623150667
-0.466423518436
-0.358232809867
0.160551238408
0.134224868589
0.153025870905
0.362702760888
0.230927542312
0.36586654992
-0.428215719477
0.452951094317
-0.278857623087
0.356718066462
0.0844793247394
0.0970768374555
-0.0537388011659
0.36319643924
-0.389492944364
0.183473911524
-0.226072984937
-0.394572369646
0.307323790469
-0.322378518728
0.246134849991
0.0958078726817
0.444793396492
-0.131294263556
-0.300627379493
0.00123459506135
0.0202908854053
-0.429985662129
0.379083672786
0.281928520562
-0.368000526869
0.386823740365
-0.10269368618
-0.262670531605
0.299843644033
-0.452215975122
0.289538788017
-0.139217509566
0.0744410108362
0.30332712817
-0.0197898224508
0.251156694965
0.25360110224
0.334213928251
-0.0464761303967
0.161481280927
0.434907513083
0.400907866522
0.0750845765321
-0.110655439291
0.229979380053
0.271915416978
0.437182807438
-0.472210795774
-0.491809728198
-0.197226007658
0.22936194209
0.104248242326
-0.335330867734
0.214285927502
0.0339556488565
-0.073180590942
0.0564991800277
0.0477121333002
-0.399202025418
0.13723942879
0.0172738073692
0.358150639991
0.403043961912
0.245706093707
-0.436397891901
0.351216472381
-0.277880300823
0.294066441299
0.117381407552
0.125092349765
-0.233540012033
-0.401015888712
-0.301678522343
0.0718958606168
-0.208248771269
-0.143431483275
0.463692592129
-0.0184208496421
0.220818120581
-0.0550867208094
-0.384101071637
0.277724246946
-0.400597659464
-0.447364422033
0.361495768189
-0.307336412211
-0.387536202076
-0.260553724599
-0.325174056299
0.156597743578
-0.454741294639
-0.405990242958
0.196869048616
-0.173242871698
-0.0107724159456
0.225450165603
-0.0857241652137
-0.159774764785
-0.0306645184329
-0.298404618318
-0.173163741475
0.0418715980995
0.46838825812
-0.284583641471
0.153051219282
0.360913661228
0.176380689592
-0.383518158291
0.378147921089
-0.364654900352
-0.198110504433
0.228267711687
0.473160459831
0.024517301903
0.102967817656
-0.227289994411
-0.186728436048
-0.0798624523278
-0.324676268244
-0.0841240311514
0.430097128355
0.121917613215
-0.0863240949393
0.088801759892
0.247931733402
-0.0349988973397
0.175601433925
0.0285743631726
-0.0325685665741
0.151059095405
-0.231534387857
-0.0695477095315
0.451844047787
0.451596055102
0.474234131597
-0.346704082697
-0.340572797511
0.423060783177
0.418488763681
-0.271721795486
0.0188925688487
0.353754213117
-0.296063798868
-0.0266985774892
-0.420146112246
0.497909899574
-0.0779099452397
0.176137586025
0.156333121809
0.269857317405
0.104887851274
-0.312315444942
-0.269808538473
0.221662279962
-0.093406434668
-0.481092984921
-0.0543203649137
-0.412215272906
0.194177245772
-0.0984038245423
-0.330681274148
0.16097166426
0.2479907682
0.151750903137
0.147508868948
0.0571299323553
-0.463841091528
0.192151470474
-0.0715322267861
0.462625702044
0.476311272882
0.358615376603
0.317628762984
-0.0141500793494
0.339609973665
0.158609788122
0.173588615421
-0.199313744042
0.0794829010544
0.0314135955713
-0.198921123938
-0.459824932162
-0.339036442563
-0.0655901943032
-0.120047352046
-0.486293009032
-0.467596332359
-0.306534348314
0.195672597521
-0.22080336008
0.0935716098983
0.0183693872097
0.225710829016
0.0499388144838
0.0732965943686
-0.103877529534
0.151714216048
0.378841189607
-0.319587277276
0.175458009861
-0.441206448106
-0.0501097947133
0.129434941734
-0.174985183453
0.116282966776
-0.295836367273
0.0517332686757
0.137322977089
0.0185717738934
-0.0586859317613
0.0133741349517
0.0805360216576
-0.295018563059
-0.124607358526
-0.0771838444749
-0.237411368508
0.0725251727516
-0.191398973596
0.0398256761012
-0.00572557164515
0.346629702158
0.447828685531
0.22352849657
-0.420146990156
-0.316628582817
-0.188780825937
-0.237897062267
0.415922976035
0.282107911911
0.014386666727
-0.0634268969629
0.186674441569
-0.0787570328837
0.158801598386
0.17992714743
0.132160542164
0.135996455456
0.105136042369
-0.309253820548
-0.487720067787
0.449638962673
-0.287391013081
0.0981603762773
-0.0688579463029
0.208701618102
-0.187957794875
0.396710241513
0.473868673147
0.470288839681
0.0731130035342
-0.426585296145
0.353632402306
0.36104591075
0.445171574557
0.0471885001678
-0.416498216636
0.13784695082
-0.414930162063
0.322992153613
-0.0475487757626
0.241296754325
0.201751437811
-0.469890803751
0.310988221899
-0.245378661472
-0.381347667523
-0.278769735539
0.124155956462
-0.0654758515018
-0.404554296824
-0.388064134159
-0.267286258062
-0.333511551808
-0.249604931666
-0.155889954977
-0.029298073439
-0.216909557618
0.386579813065
0.367191832148
0.462118036315
-0.462630750597
0.257207231942
0.4753981836
0.427568975798
-0.171822230386
0.236155325324
0.387765198469
0.0440624003403
-0.440014143808
0.470254962026
-0.084474826889
0.418100922964
0.143078062907
-0.0982728398982
-0.125441338413
-0.121191858748
0.182512870932
-0.0258727935877
0.286733421974
-0.406492516798
0.436744361836
-0.2874252524
0.303323749503
0.393058160649
-0.472793434423
-0.0965685578189
0.293011763114
0.170086620144
-0.0971365359005
-0.362323701298
-0.328674524683
-0.464294889652
-0.381467605897
0.455119213758
-0.0511226432565
0.338478245426
0.226975745493
-0.313395875241
-0.135509724795
0.24616212909
0.377580752734
0.0917126538071
-0.420516997068
-0.294794304382
-0.00431858362726
-0.162998474326
-0.134545657029
0.125330774161
-0.373871936927
0.078838451934
0.171091437831
-0.0892444669551
0.2927778588
-0.00225174754807
0.366840386313
-0.355352770098
0.187915394125
0.134205040477
0.459590216178
0.140222408494
0.143811204883
-0.302475378798
-0.434374232517
-0.149814146253
0.268738421244
-0.466979632752
-0.0353877599061
-0.266995872504
-0.397006388585
-0.422777699718
-0.421044604869
-0.333490124372
-0.446140679092
-0.274579256007
-0.235043561817
0.386686994896
0.33713673308
-0.499551233895
0.109259310542
0.2871486422
0.209602563486
-0.173562213903
-0.187825669104
0.197438802118
0.181586968767
-0.153397503603
0.119335015582
0.3523865084
0.488918405447
0.0184435302223
-0.224972586014
-0.272293846354
-0.35564913013
-0.0649247957713
0.372542435516
0.425287139444
-0.107591786893
0.0223295809903
0.318569115181
-0.0551611997308
-0.465479268932
0.0396069083797
0.284704037358
-0.166160261451
-0.458129714144
-0.22382001961
-0.486467529037
-0.135500807274
0.434135968099
0.39783811221
0.00587704166376
-0.125216372926
0.321017345783
0.119720437123
-0.19361984509
-0.131824429788
-0.151656011893
-0.199449322304
0.193368952313
-0.339832986194
0.338167307731
0.0295550007052
0.436889247624
-0.250466529923
-0.130896776381
-0.293298262432
0.203462783212
-0.481397757351
-0.21122353149
-0.366436063266
0.0782624257532
0.498609672593
0.368871322454
-0.324022339461
0.387063979848
0.323530377188
0.401375262651
-0.207644188651
-0.113761859924
-0.360096288099
-0.467686552957
-0.343205985396
0.491059944396
0.00493819489257
-0.35810288757
-0.370093540846
-0.241721523328
0.323833040506
-0.455107286388
-0.472452047458
0.443519945688
-0.0420299640589
-0.1428787608
-0.0709506218516
0.454898777219
-0.287699766193
0.283487658194
0.190402716466
0.446245416678
-0.477231851588
-0.369352026062
0.357010247911
0.0228165236366
-0.295047094296
-0.122804509263
-0.260010011115
-0.126255192686
0.342120628644
-0.267714533087
0.23232815128
0.137259804091
-0.270607022097
0.330307947406
0.0214077149687
-0.376290556623
0.223790915451
-0.00221570764239
0.460162325472
0.115389714888
0.0917521148468
-0.157520717235
-0.13178173081
0.48703422954
0.412267011634
-0.175444637827
0.137314500367
0.434727097527
0.350045477196
0.393424234298
0.0181652101619
0.12639616557
0.247693581436
0.231314863737
-0.245704498584
0.271401882754
-0.0133005894586
0.446474080236
-0.442512290537
0.49116120659
-0.227930160574
0.281129931523
-0.283445975157
0.053431844879
0.0732167535171
-0.0614492660603
-0.183858745399
0.213798594355
-0.04523165024
-0.0792122527556
-0.0682643891544
-0.43982499149
0.0781515430553
0.312858619377
0.0682732854976
-0.161917242942
0.0216061280968
0.401898693071
0.0335434325371
0.44696729677
-0.217219000211
0.346387701242
-0.391950616877
0.310048843003
-0.224414960031
0.413425460455
-0.0183692800788
0.395073449249
-0.238647434851
0.308979230273
-0.149154747715
0.101985913974
0.335105824983
0.317930993191
0.260664919118
-0.182136021515
0.416909814407
-0.334430871466
-0.000428660780463
0.358410975597
-0.180920385804
0.0692118341985
-0.261700395166
0.0643380714095
0.00663328518967
0.479727673592
-0.0086027776577
-0.397029747671
-0.0244672466877
-0.118930342172
-0.238643540198
0.178756729146
-0.111382396097
0.296976022172
-0.345415043661
-0.0160003586173
0.142369464681
-0.0612757184017
0.278264592541
-0.247589997602
0.455562794257
-0.0590282765707
0.153445587585
-0.0359389373264
0.219435811418
-0.0273220523151
-0.0363827967415
0.392723925565
0.320182059692
-0.153774162744
0.0623690842297
-0.437976025955
-0.255514824018
-0.392196183178
0.14863356086
0.0278194178304
0.332244549199
-0.154201026697
0.128864764911
-0.457612145063
-0.431579524703
-0.307638555205
0.235497261708
-0.066299614271
-0.0410792244824
0.359045604574
-0.404052769304
0.286166005239
0.158123508571
-0.402469760587
-0.0665440304179
-0.0402312767815
-0.390730591193
0.29455323382
0.440424223722
0.146485613685
0.112407823234
0.399163358847
-0.474971747324
0.101309172154
-0.0785134403765
-0.184159187026
0.479746217703
-0.325858204611
0.408785716235
-0.4797203616
-0.143526764778
0.130149090384
-0.253369429174
0.0884214527464
-0.206161980399
-0.483463148077
0.475550532663
0.127838654001
0.294159140768
0.0275830392738
0.269183425669
-0.408930733003
0.121936394182
0.416878833022
0.148284307785
0.0728346703397
-0.273724457053
-0.038624981971
-0.0882282102687
0.464931165272
0.440266019825
-0.398792827905
-0.36223061982
-0.407876908115
0.0690457795324
-0.167496553105
0.44200700671
-0.148059591179
0.453099961745
0.308419415058
0.238297264146
0.172810582336
-0.0634624792462
-0.136014856989
0.413220200589
0.454542391104
-0.0221072501339
-0.46179042193
0.234534140325
0.303316400386
0.088796089733
0.162326382649
-0.0444476422671
0.195112394449
-0.0583141497477
-0.299400479297
0.0879309202977
0.0897904765339
0.335891380827
-0.315535859406
-0.118787647682
0.132395628246
0.0426708658577
0.411820912847
0.145133299774
-0.342673720866
0.143308529547
0.0305678556017
-0.422732111531
0.318454289322
-0.35066322206
-0.467061848463
0.460073592043
-0.117052636604
-0.168097148236
-0.194710786346
-0.212689943292
-0.0541085226711
0.215678606557
-0.137866521966
0.243996951605
0.0536939768976
-0.013058364099
-0.113004180233
0.0756446140572
0.0501190415917
0.469108357294
-0.111606630205
0.059294787545
-0.451269055217
-0.0712246198867
-0.150066890901
0.191599888575
-0.436222588017
-0.270172483739
0.355013326654
-0.112582170595
0.0468821979634
-0.277455929382
-0.35810731334
0.29161594215
0.396854457234
0.387254737753
-0.340661736093
-0.387378611053
0.203083342458
0.122619171632
0.494039047438
-0.0151245524842
0.112686316942
-0.316929293952
0.195879038558
0.00454852633576
-0.474829685772
-0.27742238604
-0.0553809082989
-0.287197222177
-0.378323283286
0.415231754246
0.0329987277978
0.0961033750733
0.207203863665
0.265014212407
-0.028134692943
-0.307659260852
0.377175551192
-0.230951358224
-0.299846960998
0.30756777958
0.323807972462
-0.0959765743007
0.198433835319
-0.321236480672
0.383421668567
-0.214610487716
-0.382856182029
-0.382792951096
-0.422465958412
-0.23405908019
0.0412726493048
0.180397398276
-0.434797229807
0.455750799485
0.465129779731
0.360312905696
0.395863383594
0.234095795057
-0.322239920484
-0.07617923621
0.116180751381
0.258170712811
4.76756925255e-05
-0.470474541184
-0.272802158163
0.14058405758
-0.293727471433
0.140012476218
0.48576292703
-0.0574446529965
0.185131970997
-0.0209285032827
0.0108374161419
0.317484628201
0.263224680694
-0.233319807618
0.230364983204
0.0375620178144
0.169054091863
-0.353804914176
0.408698001367
0.464938746825
0.068922630615
-0.0365601554155
0.356358556518
0.0221547503151
-0.0311133974652
0.381912614999
-0.138282440881
0.0855435693467
-0.325472419937
-0.183721712398
0.258553129386
0.102005169538
-0.382950846179
-0.0631148755012
0.207549816269
-0.075265173481
0.107838432821
0.174875086474
0.170977265579
-0.487256049321
-0.434820027877
0.302603974601
-0.214755160168
-0.279775331469
-0.143106754588
0.0219850737179
0.489111302724
-0.369501674517
-0.398954550104
-0.315019067519
0.496762034063
0.222984976917
-0.128913480292
0.181654031979
-0.12007982887
0.206623958324
-0.414595683948
0.155020115128
0.325805854864
0.380272273879
0.09589702144
0.184508490451
-0.350705774259
-0.298342554029
-0.101486842622
-0.349375856446
-0.444838821097
-0.184987058254
-0.0763141862695
0.398613929988
-0.172873568047
-0.44082616187
-0.103608820218
-0.115230784225
0.260147807993
-0.406500482806
-0.383158970477
-0.00802045315884
-0.179622951533
0.243160479285
-0.355857117101
0.302050529953
0.172168223678
0.152875004515
0.083150214327
-0.265233618099
0.279605558957
-0.175844844311
0.116331252723
-0.455334091768
-0.0551452588086
-0.325931755136
0.350611709478
-0.249002759208
0.404898042542
-0.307247465764
-0.395889331978
-0.450622019195
0.244685048549
0.418959750159
0.364344614093
-0.28158854667
0.221062611296
0.385162501664
-0.0733978698968
0.162089622915
-0.450308867737
0.181222570269
0.231920430677
0.324443316994
-0.193677436107
-0.0432725643269
0.305032215877
0.25414896624
0.241894295809
0.359276111639
-0.0883889174152
0.301169400311
-0.445815151198
0.177189191984
0.0292183600727
-0.499429849461
-0.459709626488
-0.082011370949
-0.284485561595
0.465620279976
0.12318279033
0.257960597148
0.269066175247
0.327297961414
-0.238081278946
-0.259508419373
0.149259937172
0.000555514519354
0.241777991972
-0.439397667288
-0.0867455639504
0.107480354055
-0.44210622415
0.281933636832
0.234927667775
0.403864132775
0.413049887596
-0.0073346972551
-0.457491930535
0.236539207389
-0.232557423463
0.36007720037
-0.480931442933
-0.0316632250256
-0.141308664631
-0.300985751331
-0.245610156335
0.308768033838
0.417677482192
0.417447400187
0.22463826685
0.152275413629
-0.412512305781
0.174508386612
-0.197023149953
0.00946023931285
-0.147480131389
-0.42103564943
0.445676411493
-0.341696977947
-0.467088270408
-0.416453841862
-0.214227808255
-0.0114586653162
-0.0153495307006
0.215664227663
-0.104177361481
0.435136172862
-0.42199924919
0.405132016949
0.111661210748
-0.0373238275722
0.364554363669
0.335508570916
-0.162311550484
-0.0978211407467
0.0884553264895
0.343592924931
0.441705442587
-0.289491176768
-0.275793439684
0.15570916192
0.426936931221
0.366654801758
0.404122161799
-0.132682544109
-0.478926516248
0.405465244697
-0.0685146868988
0.109151809946
-0.0408013264496
-0.418657085273
-0.0187780154688
-0.129217346621
0.450834246209
-0.149533728237
-0.034732213017
0.253253757357
0.061754560546
-0.359944024874
0.251950572891
-0.202074464155
-0.381290231668
-0.0649968015766
-0.433557063013
0.39530480296
0.233436779959
-0.152068298932
0.302643432749
0.372879690697
0.451684008159
0.124425116477
0.15911878897
0.108006833468
-0.0627997752501
-0.0419383480965
-0.120731780698
-0.392406483237
0.0263232349199
-0.189288740319
-0.380779925111
-0.43362732235
0.0125708768854
0.41511568428
-0.0845879138111
0.420813380655
-0.407069606753
0.221247521347
0.297908182279
0.241699132061
-0.455732408222
0.340717568559
-0.489892510637
-0.299091695319
-0.058005787321
-0.054968160257
-0.113574539427
0.470509009921
0.270892039605
-0.238996363453
-0.367145809084
-0.369105220648
-0.483598664788
-0.0815564737527
-0.0656771399303
-0.16475861192
0.310571781955
0.294381894155
-0.351383048331
-0.303248434023
-0.0572980637404
0.0559989817922
0.37960060867
-0.392202650486
-0.0813688950174
0.308210528376
0.170253150712
-0.421248795874
-0.223863213898
0.414013366552
0.353854148056
0.0614358079774
0.136601169426
0.076781443527
-0.36911890266
-0.23530631699
-0.121225730309
-0.4806442323
-0.10142003968
-0.479806896874
0.173988190312
0.48349409074
-0.231714720139
0.376097325668
-0.144429391069
-0.0589530086926
0.439958700264
-0.0912979848892
0.482697791818
-0.0367005416254
0.145235232623
0.448053373122
0.0389573893909
-0.313329441055
-0.204525700897
-0.332689839374
0.127659036606
-0.490560694614
-0.2430682012
-0.218202615455
-0.420581624016
0.04118590581
0.275772653071
-0.280885972448
0.394784741426
0.226733268776
0.453546684365
0.214889105637
-0.0379510864061
0.301571596545
-0.450050637086
-0.172327692014
0.329498920027
-0.160952550673
0.0273166210206
-0.294933090357
0.00397370684061
0.270616197075
-0.437149431391
-0.0385603760651
0.0753845215613
0.425718185483
0.485186537701
0.281677024206
0.34087044168
-0.0972195423225
0.301120585837
-0.34125059724
-0.0460482863191
-0.174552410896
-0.0420478018732
-0.220471511
-0.425377762645
0.191616863173
-0.0763109822261
-0.127897504706
-0.231681151522
0.104931057905
0.0717966998706
-0.171043049688
-0.470659433299
0.241165798281
0.347476807367
-0.238599660702
0.0332493350984
0.243127929427
0.141107988421
-0.0483217323934
0.432386496915
0.334920905216
-0.0896448956324
0.0531198312893
0.41329918393
-0.344976108502
-0.258248036191
-0.0114517711225
-0.0984600597192
-0.446866784419
-0.39349597832
0.389203006124
0.333162056118
0.279507795208
-0.477462937667
0.258506241338
-0.276807927601
0.0931532932392
-0.255043257597
0.0304558832914
0.153250915892
-0.24485205591
-0.330921697422
-0.277536764915
0.127224911317
-0.0141056087277
-0.186954549256
0.0547992702713
-0.046360565526
-0.471641271644
-0.111570447937
-0.209357204975
0.153554332442
0.0660518363806
0.169886424702
0.44330163587
-0.272926064137
-0.0851712055855
0.424083027227
0.477937664663
-0.248941815913
-0.43282784973
0.237709947446
-0.0218733989059
0.301616912456
-0.438567457798
0.46989353976
-0.184312888714
-0.319794897913
0.31997606355
0.418414003203
-0.36661125523
-0.244502915648
0.394630873519
-0.164753224179
0.481160355194
0.0208580139449
0.0369062342654
0.295679755379
0.217192087605
0.0469797836139
0.117442076916
-0.392299766355
-0.174518705197
0.32647788747
0.159468637856
0.458931683598
0.462217719485
-0.120132264464
0.342454338991
0.343413866255
0.247685529364
-0.476979668005
0.133700156848
-0.235613267495
0.462484421384
0.479762978184
-0.0902896027839
-0.0302593707784
-0.0598715583563
0.44113755268
0.101616895567
-0.402735945142
-0.430878211498
0.0366599404289
0.283852557026
0.490658105905
-0.303665003959
0.00412371697601
0.0710302313484
-0.0314280961745
-0.237903943096
0.0426571852218
0.0155096138536
0.493534046763
-0.373321391424
-0.109563111594
0.0725556782651
0.149771545358
-0.121279437883
0.285031628204
-0.195825501797
-0.405228939676
0.358921677993
0.212223300569
-0.373555061594
0.18260897548
-0.383175241647
-0.0387386410294
-0.345943785727
-0.130569164558
-0.149806872572
-0.207340942913
0.0749816372599
0.0754864592461
-0.167156472916
0.240009964347
-0.44849986026
0.0631540276526
0.490618096281
-0.224951096321
0.322173857595
-0.271315021516
-0.233954064888
-0.370882866353
-0.46012589339
-0.223204252331
-0.124323747478
0.221267596659
0.0823545515962
0.434549599882
0.138637683177
-0.123273784963
0.0332156547718
0.16500041527
0.230920714755
0.249604344302
0.297185972696
0.167698696821
-0.390362630313
0.153175207421
-0.271522519723
0.0617961817733
-0.0765098679614
-0.40956569431
0.364900668754
0.281576621771
-0.278273316544
-0.331116146189
-0.24393438589
-0.273987010245
-0.413035613591
0.2807483243
0.438652142734
-0.0770658301477
0.163040824868
0.348943792247
0.247575364874
